0.442153
0.702056
0.534465
0.755757
0.781422
0.443752
0.579613
0.795809
0.641776
0.416151
0.489366
0.817438
0.75696
0.613944
0.739015
0.630955
0.470323
0.438953
0.294003
0.187271
0.0618399
0.0886025
0.0217712
0.0542977
0.0496122
0.102818
0.124791
0.423016
0.12623
0.0636513
0.361099
0.791373
0.189447
0.0840235
0.504573
0.484695
0.0534932
0.503695
0.48095
0.264648
0.360296
0.681606
0.705425
0.511872
0.551989
0.633503
0.512308
0.436225
0.658738
0.570124
0.513249
0.469563
0.709643
0.69121
0.507
0.6062
0.401752
0.21911
0.394378
0.202175
0.443857
0.437565
0.320187
0.463288
0.588038
0.558838
0.426096
0.619538
0.58394
0.604211
0.373093
0.655301
0.675259
0.0843717
0.636561
0.663545
0.755778
0.544946
0.806285
0.595448
0.0587869
0.757522
0.748008
0.239829
0.267856
0.407942
0.259541
0.157657
0.055816
0.433958
0.356469
0.5944
0.649636
0.494693
0.643853
0.607086
0.378762
0.0845288
0.217315
0.205635
0.639737
0.435405
0.28751
0.281095
0.324057
0.437565
0.20804
0.244332
0.633177
0.54312
0.701022
0.450759
0.430721
0.71344
0.514854
0.436215
0.452933
0.584189
0.355181
0.350191
0.516532
0.172648
0.107149
0.313958
0.445885
0.0815128
0.180907
0.283409
0.179917
0.535241
0.561332
0.74292
0.723255
0.473214
0.691991
0.873777
0.674447
0.412265
0.746924
0.552676
0.353057
0.446118
0.458637
0.409657
0.652554
0.739405
0.631827
0.443573
0.427176
0.208519
0.346097
0.365439
0.307997
0.148645
0.258338
0.0883772
0.134029
0.441621
0.316344
0.0770674
0.420689
0.41132
0.437989
0.314963
0.618868
0.437592
0.371309
0.580598
0.541442
0.168698
0.552181
0.618278
0.364663
0.327295
0.473681
0.599216
0.567144
0.299423
0.119981
0.126464
0.102985
0.218181
0.279558
0.419211
0.275176
0.3479
0.471795
0.65077
0.300685
0.374828
0.595034
0.510571
0.465428
0.422288
0.442754
0.404601
0.552075
0.475585
0.456235
0.551724
0.580449
0.613246
0.460583
0.835261
0.675853
0.427003
0.702872
0.74264
0.428326
0.205358
0.575446
0.323501
0.268428
0.287965
0.17761
0.0645882
0.0865948
0.219676
0.0683076
0.271114
0.12412
0.550871
0.36539
0.200793
0.623415
0.613158
0.152182
0.324452
0.661576
0.583488
0.232187
0.42722
0.540738
0.602647
0.195813
0.31125
0.378051
0.386903
0.0588983
0.105744
0.152196
0.284882
0.571462
0.66846
0.644545
0.789033
0.731831
0.643664
0.560902
0.329435
