0.741354
0.749879
0.477613
0.476988
0.417335
0.6097
0.832647
0.602778
0.671555
0.791318
0.849927
0.610251
0.667874
0.69963
0.665894
0.452037
0.426039
0.647182
0.454688
0.360012
0.264905
0.430745
0.110788
0.276589
0.39087
0.256669
0.248061
0.366569
0.508911
0.448861
0.463518
0.542134
0.581855
0.464933
0.584568
0.574194
0.669354
0.627937
0.767022
0.443901
0.88048
0.752582
0.454203
0.57901
0.794978
0.252023
0.438604
0.428508
0.760388
0.671632
0.863978
0.86668
0.82751
0.791258
0.626159
0.634754
0.516949
0.388476
0.591982
0.658116
0.513916
0.434201
0.492648
0.312739
0.210883
0.197241
0.546052
0.590943
0.750047
0.58147
0.422572
0.394469
0.295648
0.644278
0.369005
0.369165
0.614006
0.618396
0.54284
0.665207
0.451475
0.627394
0.47162
0.292883
0.537663
0.52942
0.395395
0.426522
0.592924
0.636383
0.315696
0.5115
0.603829
0.520078
0.623154
0.601803
0.760652
0.832119
0.842148
0.901836
0.861923
0.327086
0.679889
0.792651
0.809186
0.83139
0.573511
0.290296
0.762616
0.532809
0.455612
0.401941
0.365298
0.421757
0.394756
0.507333
0.40969
0.3369
0.437534
0.353634
0.566077
0.417641
0.275069
0.326942
0.326453
0.151997
0.0885853
0.237167
0.338625
0.0456326
0.243634
0.0525948
0.160381
0.102236
0.586357
0.388343
0.510773
0.211484
0.543559
0.423167
0.316071
0.381454
0.592976
0.502828
0.256204
0.52335
0.57539
0.31947
0.34007
0.516069
0.577507
0.509959
0.501987
0.521139
0.687575
0.370934
0.494819
0.627476
0.451392
0.48193
0.719271
0.487886
0.388254
0.686792
0.910257
0.794895
0.935468
0.746826
0.661454
0.667081
0.362975
0.844481
0.575428
0.857815
0.673351
0.518264
0.418678
0.509824
0.385874
0.433035
0.519598
0.450127
0.473048
0.568366
0.777907
0.335503
0.412175
0.569833
0.723902
0.404765
0.647635
0.465518
0.626817
0.619097
0.806877
0.599025
0.500277
0.349914
0.456059
0.783632
0.78352
0.790576
0.792915
0.879502
0.663845
0.871649
0.628507
0.698848
0.617235
0.790474
0.431243
0.515143
0.336326
0.180119
0.36502
0.335625
0.539682
0.501895
0.638802
0.0904121
0.0829705
0.411782
0.508139
0.419373
0.341303
0.439749
0.51509
0.450876
0.542255
0.116801
0.487775
0.318158
0.384104
0.591898
0.472754
0.625434
0.749562
0.663191
0.805423
0.509124
0.615988
0.555522
0.712138
0.269762
0.553197
0.300032
0.287511
0.448679
0.377783
0.15028
0.536884
0.624203
0.218845
0.406664
0.32494
0.879109
0.828546
0.770266
0.820484
0.763121
0.774588
0.885321
0.956663
0.972251
0.85093
0.815337
0.671957
0.548783
0.4799
0.646023
0.434655
0.800335
0.418279
0.225432
0.0861531
0.383559
0.379089
0.789069
0.815714
0.61991
0.506291
0.658275
0.786748
0.887737
0.869298
0.728705
0.602335
0.475156
0.584576
0.540262
0.476288
0.737449
0.569852
0.7625
0.51585
0.392306
0.788794
0.586537
0.228
0.733973
0.404797
0.433478
0.660841
0.269021
0.640726
0.194803
0.564002
0.299958
0.21914
0.638618
0.582971
0.109263
0.601951
0.710275
0.253784
0.35487
0.746433
0.482378
0.233804
0.527766
0.425117
0.368115
0.261742
0.433153
0.432988
0.339487
0.340212
0.71406
0.809096
0.382583
0.459681
0.863358
0.484301
0.231248
0.64455
0.489666
0.33353
0.463115
0.756326
0.724426
0.405906
0.514012
0.634474
0.459939
0.173629
0.307029
0.289901
0.336207
0.516978
0.43025
0.482429
0.562884
0.545185
0.354423
0.274541
0.0673243
0.123829
0.16635
0.714298
0.779456
0.333088
0.756948
0.906386
0.569726
0.261336
0.449864
0.833258
0.83844
0.570113
0.694517
0.391827
0.464639
0.252879
0.696512
0.620738
0.382978
0.843467
0.819119
0.526464
0.815084
0.649164
0.729313
0.669908
0.652578
0.403562
0.715725
0.739711
0.851733
0.839791
0.737393
0.691107
0.893733
0.883777
0.456496
0.530007
0.630594
0.242265
0.0902066
0.325388
0.291301
0.177322
0.0573567
0.325465
0.0949091
0.0395019
0.107893
0.278056
0.0429295
0.673808
0.513517
0.492313
0.566979
0.460593
0.857291
0.758063
0.901633
0.958334
0.895156
0.923345
0.832468
0.859708
0.604153
0.653605
0.618989
0.752321
0.20656
0.337927
0.716838
0.624583
0.3383
0.388055
0.724288
0.824463
0.316658
0.392314
0.783676
0.742154
0.711265
0.784567
0.559225
0.370775
0.739743
0.193492
0.834132
0.638226
0.897334
0.946968
0.743508
0.825529
0.948073
0.855163
0.909243
0.924644
0.808165
0.856425
0.624036
0.819007
0.602377
0.700998
0.451034
0.406543
0.80514
0.705287
0.232489
0.64237
0.504348
0.323833
0.343024
0.61827
0.686814
0.484692
0.442771
0.162851
0.511331
0.628968
0.828363
0.962046
0.973161
0.931714
0.948947
0.782493
0.793438
0.648834
0.554156
0.384742
0.334034
0.609206
0.158381
0.0804148
0.587732
0.583113
0.179228
0.583828
0.625982
0.382167
0.387967
0.61647
0.57163
0.273186
0.0699072
0.364755
0.298313
0.127575
0.383996
0.129961
0.872291
0.838419
0.818996
0.683069
0.734564
0.560319
0.459741
0.576989
0.594066
0.673365
0.250357
0.629213
0.220851
0.649667
0.736599
0.42608
0.695001
0.707102
0.921399
0.807755
0.924999
0.961167
0.952501
0.917035
0.657223
0.516487
0.505193
0.277326
0.550232
