0.0943744
0.114299
0.457857
0.109513
0.315835
0.0905399
0.098107
0.200206
0.295235
0.0423598
0.0392037
0.120048
0.413824
0.120875
0.0222315
0.0997441
0.309386
0.0499099
0.0788432
0.370729
0.061538
0.424014
0.0470625
0.0695031
0.109729
0.340551
0.547127
0.793567
0.815453
0.729803
0.768496
0.423667
0.785052
0.601236
0.824903
0.108909
0.93087
0.795151
0.902787
0.687064
0.0517434
0.326243
0.678975
0.256168
0.209654
0.0771116
0.177722
0.448876
0.429097
0.117077
0.173062
0.649835
0.518454
0.0692589
0.70525
0.529045
0.799297
0.729911
0.366445
0.873815
0.722403
0.945443
0.678753
0.877869
0.901095
0.751148
0.507593
0.572029
0.249881
0.694325
0.668616
0.420077
0.345445
0.570914
0.5222
0.346685
0.154119
0.580613
0.506661
0.0678698
0.137964
0.496804
0.248284
0.108734
0.431693
0.340949
0.074514
0.334376
0.505371
0.656298
0.768301
0.612681
0.816968
0.661259
0.715898
0.671079
0.60276
0.646931
0.633405
0.798103
0.345083
0.909632
0.638572
0.826139
0.861784
0.842134
0.841362
0.406527
0.247563
0.623782
0.337871
0.12443
0.0753888
0.194893
0.49034
0.386485
0.191018
0.217743
0.181022
0.177968
0.32384
0.137921
0.329129
0.0448308
0.0587516
0.222904
0.200843
0.410447
0.336285
0.377427
0.349434
0.239679
0.134952
0.0604261
0.2783
0.414051
0.176413
0.111528
0.0714788
0.122508
0.203778
0.121992
0.257532
0.205394
0.353708
0.664251
0.42658
0.845297
0.336884
0.449747
0.695183
0.479785
0.513819
0.669529
0.638622
0.438257
0.307928
0.0986232
0.376777
0.618469
0.747937
0.581596
0.251693
0.616339
0.84419
0.666427
0.698284
0.313578
0.293943
0.266946
0.203952
0.447212
0.133683
0.434053
0.33981
0.191367
0.240171
0.330043
0.192034
0.422048
0.405627
0.141971
0.0661659
0.160213
0.227218
0.427442
0.0590086
0.130389
0.152985
0.29886
0.253006
0.526966
0.843051
0.7165
0.787534
0.634643
0.866469
0.776846
0.770042
0.469935
0.63167
0.658652
0.867953
0.662644
0.875548
0.630283
0.734674
0.669815
0.701013
0.445813
0.566892
0.50375
0.285268
0.432415
0.406083
0.373971
0.333522
0.540787
0.444375
0.430778
0.367911
0.51676
0.582393
0.435542
0.717513
0.656631
0.346105
0.834241
0.437366
0.829897
0.839587
0.428447
0.778371
0.489257
0.243638
0.349891
0.371409
0.338427
0.231986
0.263322
0.438805
0.376511
0.0827038
0.264507
0.255627
0.0789725
0.137863
0.319265
0.422562
0.527269
0.743704
0.753305
0.803169
0.48426
0.648038
0.15237
0.879016
0.391297
0.850811
0.798218
0.537215
0.556953
0.208898
0.346141
0.398486
0.282448
0.39638
0.232729
0.098055
0.156686
0.464299
0.308423
0.347664
0.361073
0.616336
0.348498
0.294381
0.66499
0.591301
0.867936
0.822181
0.887039
0.756622
0.551863
0.586382
0.677925
0.519275
0.588726
0.482188
0.656093
0.482347
0.47443
0.60519
0.728358
0.597778
0.341848
0.455258
0.652244
0.490265
0.420693
0.43945
0.534631
0.455855
0.231623
0.696108
0.670335
0.580219
0.795447
0.73238
0.694767
0.35058
0.481951
0.343487
0.750728
0.954493
0.901336
0.485354
0.467095
0.620396
0.260712
0.347987
0.309758
0.0434332
0.129353
0.276675
0.616267
0.440509
0.16195
0.417405
0.206209
0.208669
0.59172
0.408568
0.243349
0.281544
0.461031
0.553529
0.248166
0.498729
0.528614
0.388517
0.582468
0.134743
0.387407
0.436654
0.343412
0.720535
0.66283
0.942852
0.772313
0.226792
0.196065
0.633985
0.669601
0.0515421
0.082638
0.429671
0.301719
0.202345
0.312607
0.165277
0.337569
0.417015
0.429587
0.35335
0.509365
0.310562
0.522367
0.241574
0.57345
0.273908
0.422302
0.407705
0.400208
0.217678
0.452371
0.424701
0.43431
0.451189
0.34273
0.508281
0.597471
0.38931
0.357392
0.805326
0.758466
0.489296
0.586533
0.831482
0.775331
0.854256
0.839408
0.743435
0.701759
0.6981
0.875957
0.868683
0.797317
0.629792
0.555716
0.750544
0.527835
0.275539
0.547008
0.51895
0.426259
0.29206
0.618035
0.429773
0.23754
0.656633
0.280516
0.864492
0.702953
0.395706
0.419244
0.657786
0.884633
0.787538
0.836083
0.845794
0.591097
0.819223
0.832316
0.458047
0.669435
0.815554
0.52792
0.562644
0.791102
0.693703
0.645611
0.474974
0.722978
0.807394
0.869032
0.579876
0.843356
0.172351
0.567171
0.577063
0.741181
0.713215
0.52967
0.675203
0.743065
0.38769
0.684735
0.769376
0.662668
0.765063
0.799209
0.73352
0.777597
0.663834
0.710316
0.718792
0.387241
0.62077
0.566704
0.722517
0.638861
0.606741
0.664749
0.845774
0.54023
0.371969
0.579871
0.915569
0.842802
0.415399
0.565712
0.906242
0.607967
0.427174
0.614895
0.671291
0.472682
0.495014
0.350992
0.497475
0.310967
0.610498
0.737959
0.470171
0.52019
0.805534
0.554141
0.844117
0.728458
0.568564
0.285252
0.105287
0.371956
0.394361
0.554285
0.526472
0.715478
0.732145
0.927383
0.897315
0.88043
0.903595
0.915369
0.787258
0.8656
0.709448
0.800503
0.904312
0.765351
0.778297
0.807811
0.766149
0.406707
0.617546
0.210405
0.331434
