0.351397
0.606432
0.31165
0.197653
0.530161
0.501178
0.118381
0.102618
0.316633
0.615304
0.718214
0.93246
0.769738
0.838846
0.502127
0.485874
0.386173
0.588765
0.0636151
0.883607
0.561179
0.725736
0.664115
0.476079
0.352545
0.684184
0.512615
0.31766
0.213366
0.275696
0.415102
0.201955
0.154325
0.267544
0.451015
0.301764
0.0714003
0.367192
0.255282
0.361143
0.467076
0.563746
0.848833
0.707698
0.925762
0.717944
0.853721
0.869027
0.658598
0.434266
0.57867
0.273278
0.575381
0.626971
0.469758
0.361056
0.6523
0.422953
0.175702
0.166138
0.165954
0.307156
0.0634179
0.104196
0.152318
0.0758984
0.0616116
0.206611
0.20915
0.644628
0.645014
0.60478
0.502855
0.448016
0.530113
0.257836
0.625124
0.734287
0.513424
0.905078
0.78178
0.736659
0.883569
0.768015
0.871566
0.433004
0.325652
0.553034
0.55456
0.212278
0.195749
0.295678
0.483083
0.414651
0.545617
0.424676
0.527408
0.446075
0.527688
0.28966
0.537388
0.288025
0.506604
0.378773
0.325375
0.262535
0.268129
0.12498
0.111437
0.092569
0.251828
0.136417
0.326727
0.224053
0.160382
0.487934
0.473387
0.509077
0.36014
0.426599
0.170535
0.534687
0.344917
0.71924
0.278906
0.293534
0.47664
0.152491
0.231128
0.422746
0.447278
0.147072
0.119494
0.058775
0.486206
0.469851
0.407754
0.567324
0.458461
0.665574
0.83315
0.682809
0.589664
0.493659
0.325988
0.336038
0.137578
0.223366
0.131891
0.0505158
0.178332
0.128912
0.0963238
0.181262
0.128075
0.394711
0.135269
0.358001
0.122275
0.288887
0.398461
0.341746
0.540447
0.625901
0.566108
0.538046
0.631027
0.789316
0.783937
0.860886
0.620198
0.80633
0.585011
0.762688
0.400998
0.410207
0.418334
0.611863
0.374831
0.668176
0.484613
0.680762
0.553952
0.49439
0.329061
0.502502
0.530297
0.43502
0.337052
0.410445
0.411456
0.315335
0.56045
0.428211
0.323001
0.374906
0.480995
0.430219
0.460895
0.695273
0.399603
0.375944
0.837751
0.563768
0.882489
0.901852
0.638917
0.8253
0.359145
0.176225
0.133242
0.228182
0.270622
0.180456
0.17371
0.431433
0.406158
0.0905294
0.205426
0.226104
0.0647703
0.109843
0.22807
0.116481
0.571674
0.736917
0.607957
0.771292
0.432786
0.685109
0.416954
0.932288
0.470654
0.898258
0.838632
0.535366
0.488949
0.111076
0.310267
0.296929
0.0647309
0.398737
0.329507
0.0862022
0.122308
0.519844
0.471585
0.41724
0.36286
0.603304
0.289662
0.124777
0.717343
0.577594
0.908432
0.80302
0.891641
0.843709
0.586644
0.512058
0.721812
0.438988
0.529859
0.370412
0.623682
0.528388
0.214065
0.605155
0.722354
0.323132
0.407067
0.366467
0.509353
0.400149
0.453995
0.174771
0.53749
0.572726
0.36711
0.514296
0.629259
0.554066
0.762196
0.703129
0.57381
0.265157
0.476298
0.300551
0.795435
0.952538
0.903706
0.435397
0.403576
0.758412
0.321162
0.318517
0.329222
0.16086
0.0929733
0.215821
0.393142
0.368304
0.175976
0.219853
0.325961
0.279928
0.331304
0.122764
0.227741
0.237642
0.202742
0.359825
0.214985
0.551813
0.4722
0.342005
0.529235
0.111753
0.337566
0.25976
0.447408
0.573613
0.596335
0.919528
0.789772
0.340061
0.384947
0.659629
0.649942
0.138824
0.203811
0.275999
0.298215
0.223165
0.106722
0.0978757
0.25387
0.136713
0.18438
0.272901
0.45419
0.283443
0.107904
0.276626
0.445181
0.301763
0.125732
0.297519
0.335177
0.438432
0.548238
0.615599
0.641366
0.599307
0.480206
0.477342
0.576906
0.213359
0.233759
0.672476
0.710947
0.333055
0.648549
0.740537
0.77302
0.623322
0.588495
0.839484
0.704227
0.717567
0.888004
0.865168
0.669042
0.698888
0.542661
0.515588
0.569042
0.249021
0.435484
0.295171
0.426377
0.36804
0.576738
0.344073
0.311313
0.632285
0.271388
0.852068
0.541208
0.528367
0.353798
0.514698
0.83855
0.87524
0.894562
0.877546
0.735991
0.855184
0.824449
0.504329
0.714439
0.83234
0.568232
0.359038
0.74763
0.611997
0.55572
0.553882
0.509076
0.720161
0.852256
0.474347
0.881073
0.434209
0.636792
0.856428
0.834248
0.848938
0.608608
0.780124
0.743482
0.569185
0.657917
0.701162
0.470809
0.59551
0.566045
0.582868
0.7684
0.683109
0.621588
0.878821
0.561136
0.709189
0.653971
0.742596
0.538557
0.578003
0.656249
0.793482
0.447941
0.289864
0.440085
0.912037
0.757403
0.35737
0.415073
0.881951
0.536469
0.328281
0.594586
0.55743
0.289801
0.452936
0.177801
0.427511
0.263232
0.711823
0.849245
0.464322
0.517159
0.906704
0.413791
0.909432
0.710501
0.654861
0.331574
0.0822669
0.274884
0.323649
0.515738
0.472031
0.562512
0.667849
0.892384
0.867625
0.876639
0.711203
0.511805
0.551162
0.629521
0.759007
0.887209
0.85645
0.756501
0.797278
0.781393
0.60668
0.471825
0.414852
0.246929
0.352126
