0.589409
0.39958
0.317562
0.430968
0.542942
0.450081
0.404381
0.304417
0.229826
0.201078
0.115604
0.36115
0.287589
0.142874
0.212607
0.474758
0.528292
0.218147
0.270263
0.300217
0.353409
0.0798422
0.337465
0.19296
0.0568848
0.155003
0.442331
0.57133
0.13806
0.394786
0.248775
0.631232
0.244702
0.420357
0.506752
0.581179
0.455637
0.775993
0.370554
0.555529
0.790137
0.820353
0.0482351
0.51469
0.648961
0.587792
0.346841
0.631744
0.806922
0.335717
0.503212
0.793309
0.565086
0.136777
0.344804
0.694211
0.552865
0.194559
0.426642
0.69422
0.428498
0.252917
0.684159
0.608675
0.239885
0.328813
0.492196
0.580213
0.594577
0.79543
0.61536
0.832248
0.72989
0.734815
0.777547
0.830665
0.519758
0.487359
0.705832
0.739133
0.735202
0.860269
0.862633
0.84231
0.661702
0.571853
0.664648
0.356844
0.599887
0.528389
0.674576
0.573553
0.529383
0.393482
0.425159
0.183715
0.263599
0.38609
0.373983
0.128756
0.574764
0.57331
0.259467
0.570547
0.403429
0.692991
0.568274
0.655745
0.675816
0.582009
0.660134
0.635652
0.625124
0.700681
0.800824
0.729613
0.672229
0.744661
0.623702
0.723232
0.583152
0.918341
0.94587
0.930747
0.926695
0.538809
0.66125
0.808568
0.360348
0.324279
0.63139
0.524513
0.491702
0.328486
0.593095
0.434716
0.16501
0.413677
0.487107
0.289115
0.610631
0.707596
0.670948
0.85358
0.570047
0.806287
0.160291
0.287351
0.738891
0.606607
0.634901
0.46423
0.237858
0.765696
0.542295
0.470522
0.228085
0.349745
0.363301
0.0877163
0.228302
0.198741
0.426819
0.138264
0.15994
0.306087
0.214763
0.417033
0.393469
0.502095
0.814523
0.800664
0.560105
0.831846
0.68655
0.872945
0.781242
0.913705
0.846491
0.781144
0.714582
0.679115
0.486281
0.442625
0.845663
0.460855
0.827512
0.637056
0.659777
0.583727
0.541815
0.432862
0.288205
0.656296
0.78011
0.576372
0.803823
0.587925
0.534005
0.730846
0.778842
0.843621
0.855014
0.72555
0.291251
0.48712
0.492675
0.567958
0.634327
0.580808
0.276915
0.545622
0.812333
0.848301
0.64753
0.818934
0.780482
0.678638
0.651898
0.325647
0.817343
0.774606
0.303879
0.491424
0.13878
0.479183
0.537566
0.655052
0.673181
0.836025
0.564193
0.506266
0.418344
0.485292
0.668023
0.749972
0.695311
0.600466
0.164716
0.274913
0.412717
0.324935
0.326494
0.453417
0.623401
0.517623
0.492932
0.63926
0.507967
0.757953
0.671708
0.392882
0.555992
0.657212
0.416158
0.435832
0.503116
0.889639
0.862659
0.846899
0.91036
0.983579
0.980892
0.90414
0.924843
0.659581
0.713804
0.634597
0.60968
0.708452
0.774892
0.707588
0.643439
0.450945
0.556317
0.760721
0.593574
0.470449
0.630233
0.690364
0.576491
0.75121
0.707888
0.836581
0.767319
0.790864
0.612267
0.732328
0.784291
0.628954
0.533077
0.523705
0.476253
0.57622
0.439232
0.430701
0.515193
0.459245
0.321557
0.539554
0.461776
0.364322
0.610169
0.68385
0.720043
0.8202
0.805449
0.806431
0.818948
0.569311
0.621331
0.702523
0.480208
0.592464
0.626348
0.731232
0.622188
0.412118
0.869353
0.720837
0.581858
0.513618
0.836426
0.873889
0.527729
0.720592
0.589285
0.363335
0.701086
0.372654
0.354511
0.186682
0.648843
0.434913
0.435189
0.130647
0.698895
0.455938
0.307474
0.410894
0.70222
0.919486
0.657848
0.850618
0.898842
0.962517
0.906127
0.928203
0.860502
0.833049
0.896705
0.906994
0.800559
0.759093
0.778051
0.561079
0.433694
0.406353
0.508809
0.435123
0.362289
0.337215
0.443505
0.561716
0.433876
0.882875
0.476816
0.475357
0.59882
0.622116
0.50988
0.528811
0.45038
0.642944
0.37439
0.36958
0.595622
0.597374
0.345285
0.127609
0.380823
0.311828
0.0884601
0.0660334
0.1983
0.242984
0.0721382
0.0381049
0.146524
0.142675
0.151169
0.44095
0.405554
0.475011
0.705576
0.714577
0.393531
0.4618
0.579748
0.698086
0.575289
0.547503
0.288084
0.533711
0.508195
0.752008
0.463128
0.837207
0.778572
0.889128
0.730643
0.639737
0.688017
0.610257
0.541254
0.478198
0.390232
0.585536
0.489253
0.582751
0.59976
0.450478
0.740787
0.413403
0.473905
0.660043
0.860635
0.388536
0.276704
0.733627
0.830103
0.183914
0.322322
0.619851
0.904828
0.742807
0.24184
0.319318
0.552089
0.291968
0.104535
0.429208
0.407167
0.173797
0.196235
0.462943
0.520854
0.331453
0.355557
0.472866
0.504008
0.773977
0.691844
0.78689
0.671832
0.471287
0.763043
0.836198
0.825997
0.539086
0.504846
0.740813
0.734273
0.461873
0.604647
0.468402
0.528578
0.375821
0.458436
0.328643
0.402498
0.327202
0.226935
0.268497
0.16327
0.235835
0.489765
0.300113
0.328282
0.643296
0.677355
0.353771
0.425018
0.218958
0.107335
0.449186
0.237962
0.124862
0.379013
0.292448
0.0449423
0.190481
0.247428
0.115484
0.0676564
0.126431
0.0834925
0.325746
0.34712
0.199991
0.159587
0.454633
0.352743
0.210878
0.252916
0.555365
0.427867
0.243156
0.417984
0.629106
0.198447
0.472555
0.790553
0.364715
0.288328
0.749037
0.746782
0.309999
0.451759
0.6263
0.531757
0.237421
0.503526
0.432423
0.622808
0.480335
0.494137
0.500352
0.414923
0.769071
0.70131
0.835103
0.740103
0.933521
0.940859
0.979581
0.968393
0.74118
0.929354
0.726527
0.922608
0.965601
0.768818
0.871913
0.724665
0.740222
0.889767
0.523229
0.610567
0.670959
0.693276
0.648502
0.462636
0.716279
0.61129
0.3855
0.581418
0.558588
0.426423
0.384532
0.338428
0.40015
0.279437
0.621845
0.727817
0.845748
0.762289
0.69483
0.857133
0.432502
0.793268
0.643705
0.862566
0.122326
0.613335
0.639508
0.697079
0.850872
0.323541
0.318203
0.887206
0.33832
0.506458
0.580635
0.312212
0.328864
0.648657
0.322948
0.351717
0.505812
0.561951
0.193956
0.334377
0.579185
0.0503762
0.117387
0.509531
0.475338
0.295673
0.29856
0.254751
0.08167
0.306875
0.496057
0.103781
0.232935
0.706603
0.670019
0.339112
0.545051
0.676792
0.406597
0.745461
0.559685
0.474946
0.879869
0.945916
0.940337
0.882213
0.834112
0.878985
0.662933
0.877453
0.627611
0.815473
0.526402
0.391587
0.219115
0.268755
0.706974
0.521165
0.915236
0.947935
0.889119
0.875355
0.671883
0.596811
0.781489
0.917833
0.912436
0.881348
0.822871
0.928374
0.929464
0.948208
0.650043
0.534579
0.74712
0.47966
0.0795774
0.524179
0.39686
0.537527
0.177951
0.405522
0.502883
0.794164
0.714766
0.742371
0.605114
0.662031
0.630643
0.548352
0.402459
0.520382
0.530515
0.578823
0.26271
0.288436
0.232511
0.275663
0.133141
0.329935
0.199889
0.212859
0.480957
0.578892
0.573331
0.457561
0.413915
0.561421
0.676735
0.726789
0.494449
0.306612
0.710815
0.559919
0.34945
0.559467
0.420754
0.184938
0.27718
0.230616
0.59768
0.35178
0.391648
0.217269
0.286966
0.422264
0.354038
0.07252
0.245237
0.379602
0.220302
0.473233
0.495555
0.257743
0.300211
0.518977
0.446749
0.090014
0.353574
0.499286
0.137164
0.0744755
0.270983
0.524709
0.671683
0.456036
0.235448
0.276492
0.290379
0.190849
0.107695
0.552768
0.683986
0.244152
0.316789
0.650504
0.455128
0.0835636
0.347667
0.443877
0.226711
0.13951
0.418587
0.414003
0.798142
0.90252
0.543989
0.677686
0.430309
0.46784
0.356488
0.590422
0.343169
0.220439
0.830292
0.620827
0.347253
0.221584
0.79732
0.450815
0.185637
0.57009
0.730307
0.3643
0.448319
0.765333
0.606455
0.376914
0.572708
0.42694
0.174542
0.64819
0.530365
0.353023
0.18525
0.373067
0.460393
0.159588
0.0776896
0.270436
0.3272
0.263713
0.355868
0.275307
0.477063
0.642699
0.32682
0.509573
0.336972
0.326699
0.333415
0.516755
0.317017
0.25038
0.670491
0.539808
0.26964
0.189573
0.487337
0.712125
0.23432
0.51352
0.348035
0.493841
0.269335
0.607763
0.0904165
0.437196
0.196388
0.167865
