0.588941
0.481354
0.443809
0.53884
0.669834
0.539626
0.532808
0.375624
0.313836
0.228261
0.208933
0.474506
0.325124
0.159456
0.296862
0.546466
0.576836
0.315795
0.306759
0.330531
0.42083
0.1061
0.340466
0.254797
0.0696584
0.182137
0.452918
0.627445
0.142995
0.543224
0.27137
0.665189
0.373537
0.503485
0.601878
0.616413
0.433215
0.793538
0.448098
0.570438
0.780299
0.815293
0.0755017
0.485313
0.703559
0.56278
0.335836
0.644657
0.805714
0.356743
0.529815
0.790771
0.51942
0.138374
0.292995
0.73588
0.582203
0.273033
0.498342
0.73042
0.415967
0.291292
0.714179
0.62671
0.212423
0.393429
0.52863
0.644715
0.637172
0.806592
0.669322
0.847211
0.783905
0.778011
0.757626
0.798881
0.362042
0.52248
0.721676
0.783565
0.741016
0.865705
0.879799
0.834116
0.6472
0.573898
0.689186
0.430944
0.660991
0.56172
0.754131
0.652868
0.590024
0.400605
0.463617
0.155937
0.240463
0.295345
0.302445
0.150362
0.506144
0.458892
0.21552
0.564471
0.296182
0.647063
0.482465
0.566523
0.56817
0.541153
0.646493
0.614289
0.67094
0.73693
0.831962
0.761326
0.695984
0.755304
0.618577
0.7348
0.473452
0.879573
0.938567
0.932578
0.926236
0.471106
0.732311
0.747755
0.371317
0.382043
0.693151
0.561966
0.568032
0.404991
0.483994
0.470149
0.26473
0.403485
0.486173
0.323172
0.635721
0.779007
0.728659
0.881397
0.608775
0.806015
0.168465
0.269689
0.585686
0.528716
0.58373
0.488834
0.301371
0.803218
0.588726
0.443511
0.180858
0.25866
0.250226
0.0676201
0.264427
0.163162
0.44152
0.194431
0.206883
0.358386
0.261798
0.468433
0.425366
0.51408
0.841279
0.79704
0.553706
0.836189
0.658444
0.894545
0.78951
0.917576
0.843364
0.823399
0.703049
0.658121
0.469673
0.38626
0.785944
0.504554
0.780568
0.631984
0.573413
0.59415
0.538966
0.412626
0.245691
0.668408
0.828469
0.642851
0.831148
0.616697
0.611543
0.631103
0.787867
0.839773
0.861669
0.881011
0.695601
0.329039
0.55939
0.501433
0.578168
0.567177
0.542266
0.293496
0.525879
0.782136
0.864664
0.677444
0.830707
0.796943
0.70495
0.708026
0.303838
0.809101
0.778017
0.305473
0.460531
0.160701
0.502844
0.625679
0.713254
0.726836
0.83011
0.525782
0.476879
0.404254
0.424251
0.596564
0.670446
0.615806
0.46231
0.418343
0.137565
0.340128
0.267989
0.282296
0.415731
0.536747
0.430612
0.41905
0.611209
0.425068
0.669236
0.583864
0.322549
0.463457
0.531409
0.381269
0.3826
0.559559
0.862816
0.827289
0.803389
0.896382
0.976289
0.977095
0.915055
0.923659
0.715649
0.677856
0.608136
0.565338
0.616617
0.758178
0.694484
0.565334
0.385101
0.578727
0.75396
0.471206
0.428637
0.615211
0.632376
0.425808
0.698887
0.697374
0.788516
0.709237
0.743876
0.66111
0.760965
0.773912
0.651529
0.620601
0.472047
0.435078
0.684286
0.627914
0.713315
0.551267
0.496727
0.607541
0.417304
0.323806
0.582518
0.513403
0.395624
0.605875
0.630976
0.736906
0.796024
0.851153
0.794774
0.809194
0.63836
0.622565
0.725274
0.490869
0.573766
0.678176
0.782866
0.622195
0.420036
0.893553
0.808185
0.731874
0.618181
0.860425
0.883691
0.647499
0.837128
0.714193
0.385793
0.696085
0.306819
0.358066
0.168465
0.620025
0.403171
0.395023
0.0976122
0.660652
0.411375
0.311611
0.346192
0.65484
0.922564
0.676595
0.880846
0.91528
0.960808
0.925145
0.932446
0.867736
0.845602
0.894172
0.92374
0.81545
0.770058
0.777325
0.515193
0.391366
0.30898
0.433087
0.441254
0.33389
0.286167
0.430606
0.624139
0.393037
0.894326
0.552658
0.433921
0.586815
0.679272
0.50387
0.508422
0.394151
0.606437
0.392799
0.327073
0.518717
0.570295
0.351225
0.0877128
0.394188
0.323064
0.0743201
0.0650586
0.218327
0.229686
0.0656195
0.0292692
0.117778
0.115456
0.189082
0.538751
0.386243
0.45487
0.770771
0.735659
0.439107
0.489787
0.519919
0.655941
0.471121
0.400585
0.18028
0.367777
0.388956
0.688713
0.491752
0.843988
0.769581
0.891854
0.757837
0.649809
0.659225
0.621116
0.568079
0.451381
0.30309
0.546235
0.453954
0.527798
0.516059
0.424622
0.707181
0.388704
0.466516
0.657208
0.854615
0.356002
0.296896
0.721263
0.855463
0.224208
0.370694
0.675724
0.884935
0.752563
0.269067
0.359592
0.567378
0.328371
0.13374
0.443959
0.396575
0.185416
0.180463
0.435884
0.518878
0.329327
0.36129
0.375279
0.492384
0.739749
0.701714
0.7927
0.664645
0.465754
0.740311
0.840043
0.852151
0.585933
0.562752
0.717723
0.732932
0.533227
0.632487
0.508025
0.51623
0.36204
0.489079
0.382257
0.379665
0.353887
0.302509
0.321222
0.169042
0.266871
0.44806
0.366054
0.278784
0.635444
0.641175
0.347503
0.385118
0.168176
0.105947
0.41188
0.204865
0.104528
0.367681
0.287664
0.0456278
0.201965
0.249104
0.109551
0.0663441
0.100353
0.0788222
0.326123
0.271363
0.183671
0.180556
0.408003
0.339182
0.215172
0.289673
0.529297
0.482354
0.323124
0.501907
0.666925
0.283017
0.518507
0.810997
0.434753
0.306854
0.764228
0.782136
0.417186
0.490415
0.616713
0.590535
0.336545
0.51994
0.477342
0.649704
0.496937
0.532088
0.558146
0.386561
0.782019
0.730109
0.85059
0.669952
0.953614
0.946747
0.980825
0.967169
0.788572
0.929236
0.752725
0.912091
0.967964
0.775598
0.871489
0.72058
0.733461
0.891596
0.421831
0.634915
0.728283
0.679514
0.665721
0.542604
0.720822
0.587123
0.384424
0.588909
0.568255
0.419504
0.369371
0.349415
0.41487
0.311222
0.610281
0.725531
0.846318
0.767805
0.688475
0.849411
0.444067
0.771217
0.630791
0.806254
0.0876278
0.588101
0.704098
0.696909
0.835254
0.438363
0.317491
0.879181
0.334639
0.558057
0.582482
0.343203
0.343439
0.625859
0.281629
0.352981
0.475028
0.484056
0.129211
0.379534
0.496019
0.0607085
0.164896
0.514067
0.431831
0.30287
0.319241
0.251714
0.0905954
0.299887
0.474268
0.124706
0.257715
0.692757
0.66645
0.366067
0.420677
0.639881
0.388038
0.725215
0.482869
0.398273
0.887899
0.954606
0.949346
0.900325
0.828831
0.895335
0.711354
0.893799
0.663999
0.835158
0.578101
0.464168
0.246497
0.295723
0.741513
0.369934
0.93816
0.949094
0.881816
0.885
0.660501
0.549281
0.75172
0.914142
0.922184
0.879771
0.863032
0.941457
0.953757
0.956241
0.788956
0.797248
0.663098
0.227333
0.600765
0.443997
0.558538
0.162212
0.439733
0.519934
0.814198
0.623697
0.684453
0.532371
0.577347
0.657825
0.598596
0.346518
0.451381
0.518101
0.614078
0.253782
0.356677
0.24709
0.309522
0.136249
0.320633
0.222071
0.256977
0.5228
0.586442
0.564933
0.48658
0.366148
0.514484
0.646404
0.685595
0.495078
0.290485
0.652323
0.542261
0.336323
0.514713
0.369215
0.172479
0.246162
0.201535
0.584656
0.337174
0.390835
0.210253
0.273095
0.426203
0.347488
0.0665528
0.269466
0.344611
0.19283
0.454551
0.494533
0.2582
0.293086
0.510993
0.46474
0.103825
0.363237
0.552751
0.157474
0.0806811
0.283904
0.513543
0.624664
0.487141
0.245102
0.300893
0.320965
0.183244
0.107035
0.568971
0.695574
0.255338
0.30004
0.653069
0.472075
0.0762375
0.360085
0.465827
0.212556
0.128368
0.395191
0.357616
0.776394
0.883574
0.491546
0.662001
0.433452
0.451178
0.340696
0.611491
0.330255
0.20352
0.826484
0.620337
0.37619
0.168659
0.814801
0.475039
0.183349
0.597356
0.726626
0.367867
0.409283
0.760634
0.609041
0.347819
0.542698
0.377591
0.142416
0.614822
0.482746
0.34036
0.17772
0.373747
0.463377
0.169815
0.113019
0.246672
0.307593
0.270248
0.371887
0.276013
0.451654
0.742648
0.335799
0.490291
0.321275
0.325166
0.252209
0.476478
0.304471
0.228758
0.558906
0.526937
0.229181
0.171483
0.412226
0.662834
0.201565
0.51906
0.290225
0.460842
0.151281
0.585591
0.109676
0.393671
0.283537
0.191512
0.401117
