0.309029
0.528096
0.532085
0.307317
0.493347
0.629359
0.498398
0.490528
0.417302
0.663083
0.379621
0.409177
0.569057
0.551663
0.566121
0.491073
0.479523
0.632049
0.521136
0.340102
0.561689
0.574755
0.62944
0.0820751
0.429439
0.607207
0.468538
0.401387
0.576973
0.453427
0.395629
0.410123
0.219666
0.23202
0.464127
0.327607
0.183822
0.459194
0.404775
0.183721
0.201334
0.486455
0.285975
0.0972444
0.446073
0.153457
0.172826
0.0530312
0.0820601
0.255302
0.0542316
0.0333956
0.148716
0.127214
0.0608514
0.297124
0.537281
0.376636
0.254965
0.668534
0.574805
0.744753
0.740918
0.615122
0.661546
0.644647
0.519033
0.297119
0.361719
0.635411
0.400874
0.234506
0.429387
0.4849
0.499691
0.150102
0.265039
0.335693
0.0989545
0.32076
0.366898
0.499167
0.419583
0.170825
0.329756
0.568811
0.527544
0.194492
0.582309
0.766983
0.595999
0.42202
0.680984
0.518584
0.810167
0.823998
0.687559
0.650711
0.866831
0.77015
0.902839
0.921778
0.891666
0.926502
0.848161
0.734187
0.743842
0.450025
0.632538
0.766836
0.372207
0.341147
0.508007
0.592888
0.315789
0.131377
0.20023
0.415639
0.498588
0.327435
0.57948
0.633341
0.521956
0.40314
0.854857
0.595012
0.263223
0.83961
0.875319
0.42836
0.403234
0.904932
0.844022
0.644063
0.819435
0.819519
0.83542
0.463615
0.759577
0.855312
0.746699
0.534319
0.735026
0.776276
0.428727
0.615223
0.561756
0.619892
0.421878
0.207893
0.213586
0.366839
0.122481
0.0695379
0.0524781
0.218514
0.094537
0.0760302
0.0365387
0.101821
0.283334
0.515481
0.158594
0.14886
0.536873
0.698425
0.314707
0.425035
0.682919
0.517709
0.416083
0.742356
0.845842
0.526699
0.607215
0.753021
0.796886
0.665699
0.758735
0.691009
0.747779
0.839246
0.699683
0.758645
0.823342
0.701716
0.485698
0.742079
0.643778
0.547476
0.726877
0.787243
0.743875
0.238291
0.42934
0.595984
0.653562
0.67678
0.530465
0.540975
0.751138
0.514681
0.349254
0.406334
0.715201
0.809728
0.228004
0.472639
0.794458
0.736435
0.580992
0.712811
0.463041
0.557069
0.646066
0.406533
0.383145
0.515021
0.532052
0.458093
0.687969
0.601813
0.348194
0.183556
0.726655
0.381398
0.197503
0.187962
0.413675
0.355334
0.132812
0.349852
0.618022
0.661762
0.62627
0.437834
0.569121
0.628949
0.403923
0.0331022
0.569704
0.33589
0.159611
0.725959
0.566193
0.273397
0.550892
0.477798
0.405917
0.46126
0.413707
0.161377
0.111566
0.196961
0.272516
0.225761
0.269487
0.52041
0.661874
0.497584
0.732276
0.61522
0.237889
0.291077
0.308581
0.13602
0.0986328
0.460108
0.489718
0.602285
0.731252
0.537789
0.340348
0.617195
0.80453
0.421805
0.552999
0.797238
0.773955
0.679331
0.71156
0.800665
0.533563
0.555793
0.770778
0.749883
0.568388
0.577084
0.855734
0.781201
0.786846
0.883003
0.749008
0.742742
0.641843
0.744833
0.57325
0.44658
0.52211
0.364385
0.199479
0.467406
0.184261
0.23749
0.247348
0.4726
0.138775
0.111115
0.295274
0.557193
0.630332
0.506314
0.464062
0.593378
0.439001
0.449811
0.556919
0.557642
0.566381
0.677065
0.796034
0.349373
0.576704
0.83872
0.487554
0.65559
0.513996
0.766803
0.597092
0.863222
0.873058
0.782024
0.678876
0.755232
0.635966
0.631817
0.174432
0.592546
0.444869
0.477614
0.26329
0.246625
0.234413
0.315388
0.101484
0.115614
0.0378093
0.0768654
0.0632775
0.0583403
0.0288182
0.0541411
0.0680223
0.349008
0.185862
0.115487
0.371639
0.383869
0.488504
0.430351
0.772116
0.296119
0.348629
0.671867
0.427383
0.28823
0.629115
0.58243
0.336889
0.511502
0.708674
0.424675
0.318541
0.75626
0.507552
0.411943
0.533023
0.677011
0.373298
0.29771
0.661926
0.495458
0.301487
0.334614
0.637714
0.224968
0.416566
0.75395
0.78204
0.655199
0.394672
0.67047
0.728852
0.633757
0.353061
0.663206
0.85493
0.815637
0.248206
0.855031
0.859808
0.74565
0.694947
0.617692
0.552911
0.456578
0.626523
0.596847
0.567033
0.488346
0.551397
0.625651
0.624641
0.207709
0.716501
0.662495
0.516574
0.0887094
0.449389
0.588251
0.0916421
0.278345
0.587582
0.487075
0.159971
0.350972
0.404283
0.334521
0.302792
0.559365
0.757077
0.346426
0.498441
0.816924
0.668023
0.208364
0.618346
0.794413
0.842407
0.602207
0.756005
0.832292
0.768958
0.512357
0.635958
0.770072
0.487407
0.325049
0.686622
0.813557
0.438999
0.466803
0.613721
0.351776
0.374861
0.47927
0.667259
0.363238
0.822887
0.650495
0.176067
0.263218
0.321386
0.410142
0.509234
0.201782
0.444688
0.750038
0.845128
0.561032
0.338875
0.759274
0.768348
0.410037
0.806772
0.847386
0.731936
0.85169
0.811943
0.860787
0.757987
0.743551
0.6095
0.830852
0.679272
0.699125
0.803912
0.6469
0.886783
0.825963
0.750574
0.747795
0.848263
0.828956
0.741842
0.762708
0.66086
0.414629
0.505478
0.721323
0.44366
0.451972
0.811776
0.619831
0.588778
0.61262
0.716545
0.723066
0.677143
0.709318
0.803128
0.658926
0.725397
0.686037
0.572522
0.730557
0.45096
0.654284
0.69981
0.585632
0.720387
0.613256
0.79162
0.760333
0.84443
0.639193
0.688457
0.817265
0.450243
0.413128
0.796332
0.766616
0.369321
0.574361
0.724211
0.518394
0.175295
0.570498
0.44911
0.213108
0.267258
0.48059
0.326054
0.219809
0.0360132
0.292393
0.423955
0.122625
0.0470513
0.0612366
0.282652
0.334925
0.193164
0.0628775
0.485248
0.432134
0.102381
0.0880799
0.264408
0.402408
0.188374
0.481566
0.753402
0.139696
0.174704
0.5982
0.52935
0.0753925
0.308499
