0.229775
0.419175
0.681187
0.658154
0.580025
0.414189
0.751417
0.57742
0.444857
0.676146
0.799377
0.463898
0.525984
0.791653
0.346982
0.566439
0.761927
0.69627
0.720234
0.718523
0.854303
0.719127
0.713183
0.806163
0.787543
0.641115
0.618842
0.779537
0.835191
0.754325
0.470167
0.587209
0.774757
0.625726
0.710539
0.764745
0.641798
0.351499
0.734114
0.674834
0.432827
0.424847
0.152313
0.31572
0.862077
0.78757
0.874624
0.676054
0.647563
0.771686
0.64633
0.423875
0.426034
0.639795
0.400389
0.181457
0.621445
0.103801
0.704822
0.563952
0.141394
0.209144
0.553748
0.550535
0.663598
0.746089
0.799142
0.663401
0.326213
0.389437
0.571135
0.525585
0.455491
0.51909
0.336012
0.0453522
0.322995
0.250941
0.412407
0.579659
0.663824
0.699319
0.23349
0.543218
0.461399
0.645275
0.780026
0.792606
0.559485
0.702943
0.779384
0.600589
0.377442
0.586371
0.332987
0.292809
0.419708
0.352016
0.523438
0.605988
0.168021
0.76001
0.643286
0.669007
0.344849
0.64874
0.565018
0.62975
0.39583
0.345656
0.307149
0.309207
0.373165
0.0526112
0.162081
0.312104
0.323072
0.364687
0.369482
0.332768
0.116487
0.522669
0.448053
0.402513
0.481377
0.387321
0.481246
0.412904
0.386788
0.645568
0.739666
0.172182
0.559283
0.774051
0.620882
0.638602
0.830832
0.691604
0.548765
0.531252
0.621728
0.872966
0.565407
0.864183
0.486301
0.815237
0.530627
0.426131
0.332333
0.582868
0.44347
0.783065
0.591848
0.54965
0.855256
0.212521
0.715789
0.213302
0.344467
0.647684
0.637603
0.775096
0.199132
0.471816
0.356014
0.547423
0.349408
0.369677
0.772087
0.782476
0.593401
0.465176
0.603384
0.532922
0.681583
0.600302
0.712719
0.575042
0.761849
0.655011
0.522191
0.400021
0.45648
0.54779
0.281008
0.516075
0.648708
0.80865
0.547073
0.5907
0.715988
0.491598
0.433135
0.594796
0.589966
0.332426
0.44103
0.569895
0.322481
0.175327
0.092389
0.217288
0.241531
0.237228
0.515435
0.485297
0.366239
0.192877
0.689882
0.52525
0.616253
0.770076
0.77771
0.471334
0.720084
0.619075
0.764001
0.649008
0.522733
0.279285
0.724265
0.754848
0.658107
0.432017
0.780097
0.748597
0.614668
0.53726
0.285363
0.456379
0.761887
0.76871
0.850124
0.77511
0.669513
0.580829
0.405934
0.399482
0.680563
0.659293
0.544074
0.50812
0.807356
0.886848
0.866077
0.652336
0.573317
0.86071
0.804111
0.754427
0.433787
0.522587
0.747839
0.541267
0.782302
0.757675
0.462323
0.437221
0.607436
0.363895
0.247824
0.761436
0.711998
0.761753
0.501748
0.732554
0.791986
0.732145
0.729406
0.554095
0.668922
0.384432
0.606618
0.455525
0.521575
0.314728
0.203807
0.500731
0.538408
0.232101
0.740496
0.687812
0.538371
0.740982
0.721715
0.654328
0.256755
0.680584
0.312302
0.491679
0.447324
0.274626
0.166865
0.607386
0.49518
0.22389
0.435193
0.700866
0.46384
0.155299
0.421609
0.499916
0.698376
0.410823
