0.58019
0.22684
0.645786
0.272002
0.739975
0.829338
0.329976
0.181766
0.0932014
0.116147
0.359181
0.494638
0.705881
0.583358
0.697553
0.410747
0.765678
0.7991
0.546931
0.674719
0.86351
0.751694
0.402302
0.833352
0.759037
0.509095
0.570684
0.400847
0.719982
0.455457
0.336002
0.451775
0.421446
0.525423
0.442354
0.351153
0.350537
0.471054
0.481195
0.370871
0.37864
0.63132
0.421574
0.297611
0.686457
0.581689
0.288576
0.086076
0.454571
0.656239
0.754108
0.826065
0.50527
0.591805
0.837379
0.791679
0.253309
0.337541
0.566677
0.456642
0.129974
0.165607
0.322709
0.216382
0.501499
0.505696
0.521626
0.412872
0.185822
0.340578
0.499328
0.390701
0.327512
0.418749
0.722241
0.468821
0.0531723
0.106682
0.737678
0.815759
0.597445
0.807297
0.79992
0.787256
0.790174
0.697062
0.6128
0.760644
0.366461
0.500853
0.424926
0.468205
0.835402
0.647676
0.69445
0.52918
0.433108
0.393177
0.241
0.190185
0.413922
0.251774
0.0900053
0.242113
0.422374
0.172182
0.122499
0.41355
0.238161
0.709436
0.601148
0.548629
0.21662
0.510526
0.470551
0.33762
0.212937
0.337839
0.298303
0.0834534
0.0936877
0.0249698
0.0865131
0.245052
0.121818
0.0665381
0.197797
0.222294
0.133294
0.156262
0.418472
0.473051
0.697395
0.669741
0.690005
0.575102
0.582921
0.779355
0.80804
0.751335
0.53965
0.354809
0.233477
0.601352
0.505989
0.540533
0.556737
0.505175
0.597053
0.821846
0.6989
0.591498
0.663523
0.533583
0.434873
0.555896
0.230246
0.261189
0.373309
0.51177
0.626243
0.497415
0.486278
0.784505
0.73948
0.690908
0.50583
0.535966
0.710365
0.0960166
0.33362
0.631925
0.393643
0.115902
0.506488
0.644523
0.65318
0.48846
0.530835
0.644442
0.404998
0.191516
0.118304
0.466886
0.416286
0.258023
0.217616
0.667625
0.376205
0.173941
0.419348
0.705729
0.346223
0.261405
0.473366
0.489487
0.644837
0.739792
0.762873
0.637225
0.68404
0.618727
0.840638
0.936076
0.856722
0.844137
0.77112
0.553218
0.672386
0.4728
0.693425
0.636903
0.562911
0.590737
0.728823
0.769709
0.767327
0.842582
0.868931
0.877787
0.873004
0.761538
0.728285
0.571337
0.831702
0.682436
0.779542
0.757153
0.683741
0.663434
0.224913
0.543411
0.680404
0.431936
0.369184
0.455575
0.356015
0.424091
0.584348
0.307493
0.309072
0.593794
0.791775
0.503661
0.334524
0.805361
0.811337
0.798387
0.74926
0.411503
0.203809
0.460481
0.679466
0.718259
0.745841
0.834258
0.770748
0.810054
0.664444
0.566488
0.515644
0.775576
0.537298
0.833313
0.7677
0.496714
0.22736
0.15255
0.320134
0.573148
0.789674
0.616717
0.649152
0.66662
0.474355
0.543609
0.644172
0.584801
0.429566
0.406317
0.439311
0.467148
0.338132
0.0892159
0.358313
0.538876
0.21015
0.40069
0.439566
0.20751
0.0525897
0.329809
0.707105
0.663324
0.79864
0.572001
0.863175
0.537299
0.522815
0.544579
0.768812
0.75673
0.62542
0.641205
0.640933
0.477462
0.483051
0.362691
0.4806
0.35065
0.365875
0.433693
0.507664
0.315476
0.314736
0.362005
0.454067
0.274479
0.193749
0.302024
0.194851
0.140634
0.13101
0.286181
0.264279
0.30184
0.381285
0.820301
0.722708
0.300622
0.514587
0.145081
0.489096
0.671687
0.889729
0.959895
0.918124
0.715616
0.66971
0.724244
0.4858
0.326472
0.454728
0.455216
0.177786
0.118917
0.0909851
0.124339
0.334184
0.237885
0.505722
0.572067
0.617201
0.78359
0.862592
0.643637
0.521086
0.776453
0.572094
0.370696
0.798332
0.536215
0.204468
0.577123
0.622369
0.324291
0.153279
0.632646
0.34599
0.131168
0.322635
0.239885
0.0522832
0.254119
0.356988
0.130287
0.0951188
0.438351
0.155446
0.0871475
0.0965717
0.083406
0.207034
0.544788
0.600407
0.43212
0.273637
0.142624
0.243517
0.140004
0.301399
0.311963
0.184224
0.456798
0.534242
0.192209
0.398628
0.604497
0.329348
0.268942
0.199474
0.270831
0.34383
0.32617
0.301695
0.277102
0.481298
0.427551
0.558915
0.751105
0.873828
0.685201
0.609385
0.415914
0.737319
0.867268
0.415932
0.358067
0.372611
0.826349
0.573201
0.906851
0.301104
0.384308
0.42215
0.646356
0.83438
0.512351
0.574538
0.745002
0.848042
0.747965
0.753837
0.861778
0.897968
0.780333
0.5672
0.813819
0.852981
0.857943
0.828847
0.84028
0.801286
0.768173
0.513143
0.419356
0.303755
0.454153
0.325728
0.176638
0.326058
0.448452
0.362401
0.565198
0.578403
0.472671
0.814881
0.809777
0.847782
0.804445
0.7567
0.66825
0.713394
0.750941
0.707969
0.628882
0.656871
0.685595
0.453823
0.415851
0.528778
0.259805
0.28553
0.402402
0.159955
0.388295
0.608359
0.11426
0.431358
0.661858
0.70957
0.400344
0.651655
0.558913
0.744682
0.320936
0.66274
0.754155
0.657268
0.410258
0.649865
0.788686
0.741871
0.781966
0.603519
0.61792
0.279563
0.378067
0.619188
0.612602
0.521389
0.636091
0.486226
0.588797
0.612501
0.866251
0.752908
0.700451
0.58044
0.531682
0.624393
0.432871
0.624452
0.717951
0.686003
0.636258
0.697033
0.558365
0.690029
0.530097
0.182599
0.481696
0.414656
0.161945
0.425237
0.61138
0.767677
0.459577
0.346143
0.162636
0.38579
0.495188
0.135776
0.436196
0.703411
0.470945
0.399226
0.511232
0.547638
0.470758
0.554011
0.379162
0.383385
0.491403
0.721356
0.175934
0.233423
0.625702
0.500208
0.304636
0.432237
0.114489
0.401467
0.618951
0.377793
0.279041
0.562313
0.605125
0.40306
0.509316
0.650379
0.626614
0.699899
0.677675
0.417946
0.692017
0.810679
0.406794
0.80005
0.335185
0.332939
0.237474
0.390487
0.609495
0.610875
0.623436
0.22453
0.352376
0.535314
0.731714
0.383028
0.374603
0.41269
0.426997
0.138051
0.19559
0.334
0.345491
0.384786
0.545664
0.722394
0.553407
0.708761
0.447522
0.723991
0.412953
0.251272
0.473559
0.421482
0.0852428
0.101261
0.127364
0.0872148
0.0433583
0.191385
0.0289466
0.467521
0.547302
0.636556
0.80323
0.864261
0.738231
0.483601
0.575921
0.701309
0.911353
0.958444
0.953079
0.919354
0.880579
0.715487
0.652885
0.731133
0.751505
0.798351
0.938399
0.839194
0.847489
0.869613
0.55605
0.821482
0.945644
0.930421
0.899807
0.9101
0.702085
0.666508
0.669737
0.794081
0.749945
0.657713
0.333518
0.529547
0.584836
0.654651
0.479402
0.481254
0.695498
0.627753
0.781405
0.701016
0.791935
0.901273
0.633287
0.587249
0.258085
0.414024
0.454386
0.263264
0.189973
0.345356
0.723271
0.612116
0.792635
0.884335
0.772704
0.47092
0.726242
0.619916
0.659803
0.627149
0.418387
0.386671
0.840446
0.455048
0.288307
0.548454
0.54574
0.0217788
0.404944
0.596576
0.630761
0.596753
0.809787
0.625189
0.600425
0.806677
0.843435
0.648257
0.927132
0.751472
0.926979
0.625913
0.726198
0.648207
0.633699
0.406639
0.367887
0.64362
0.628823
0.241578
0.11204
0.182233
0.527032
0.614746
0.428504
0.375231
0.351935
0.370572
0.435648
0.472941
0.42598
0.221589
0.569292
0.678328
0.263554
0.162564
0.836471
0.617181
0.328216
0.624685
0.542325
0.925305
0.616586
0.544177
0.836177
0.926928
0.608254
0.799424
0.479328
0.718638
0.305598
0.242056
