0.679999
0.467339
0.632706
0.391432
0.354785
0.0517938
0.0904422
0.877076
0.800584
0.920389
0.824445
0.626641
0.848006
0.444437
0.698444
0.650911
0.409919
0.470548
0.0717593
0.200429
0.192183
0.0481495
0.15304
0.226938
0.290818
0.305078
0.183401
0.186766
0.50252
0.447327
0.317949
0.685525
0.459932
0.450456
0.384745
0.519232
0.340368
0.471327
0.38658
0.327344
0.347064
0.292794
0.192844
0.432663
0.414299
0.595249
0.514056
0.59673
0.549394
0.465731
0.256099
0.61053
0.341025
0.277435
0.433748
0.7866
0.923472
0.971879
0.928176
0.968456
0.857905
0.718784
0.657884
0.313315
0.335473
0.63145
0.737031
0.858686
0.729384
0.508233
0.173679
0.602042
0.356663
0.123845
0.251018
0.43494
0.662298
0.169744
0.335696
0.075636
0.316257
0.427912
0.0780875
0.443685
0.528762
0.972884
0.957804
0.97811
0.832996
0.962318
0.890031
0.898313
0.913847
0.516875
0.467846
0.585096
0.219481
0.0644657
0.389199
0.187972
0.417184
0.802493
0.56028
0.901179
0.743934
0.940981
0.865527
0.96039
0.78845
0.83935
0.357204
0.444866
0.457547
0.375569
0.395379
0.396303
0.359639
0.404602
0.383753
0.505549
0.816158
0.528936
0.228017
0.584351
0.487075
0.418811
0.311854
0.497842
0.458856
0.471728
0.646202
0.731908
0.576343
0.924433
0.96676
0.853888
0.87361
0.976617
0.96656
0.961477
0.882883
0.865014
0.957829
0.83801
0.622712
0.876621
0.811088
0.562656
0.749514
0.287417
0.588335
0.87229
0.299755
0.390312
0.664438
0.663854
0.388872
0.66509
0.75843
0.719087
0.441749
0.573205
0.47598
0.619334
0.636079
0.775572
0.845651
0.738898
0.860937
0.937213
0.944935
0.872313
0.529696
0.574809
0.742641
0.71294
0.602985
0.342072
0.593302
0.461705
0.489893
0.525272
0.348741
0.565592
0.66136
0.344072
0.874988
0.948035
0.972828
0.980062
0.791517
0.931621
0.940161
0.595997
0.747866
0.873188
0.825709
0.414269
0.572962
0.790913
0.44941
0.503894
0.441953
0.354253
0.409159
0.524425
0.696175
0.436922
0.386691
0.453259
0.773263
0.892276
0.875811
0.580811
0.953491
0.797571
0.977129
0.220786
0.39007
0.343003
0.280723
0.336646
0.200334
0.0908913
0.301271
0.290203
0.400678
0.170307
0.100562
0.146131
0.331696
0.235961
0.195982
0.123978
0.297635
0.219371
0.0701859
0.353097
0.241351
0.0505512
0.0724613
0.119645
0.452807
0.617488
0.434386
0.256359
0.571984
0.825162
0.4529
0.380411
0.649349
0.853515
0.661205
0.240341
0.511437
0.436517
0.311352
0.259222
