0.389935
0.543765
0.43851
0.598987
0.3473
0.420693
0.387396
0.541196
0.404139
0.561853
0.263626
0.282704
0.63035
0.333666
0.170045
0.506647
0.728918
0.0921958
0.0894204
0.566607
0.700971
0.0835688
0.129648
0.449037
0.147091
0.535625
0.183907
0.25529
0.230867
0.291852
0.272767
0.282483
0.492197
0.524076
0.48841
0.207055
0.257467
0.596991
0.315872
0.24174
0.277258
0.370968
0.163489
0.120257
0.578169
0.34903
0.407873
0.471159
0.323292
0.673304
0.364332
0.510473
0.392646
0.762372
0.64152
0.489827
0.209659
0.500235
0.412556
0.339383
0.463059
0.366759
0.604927
0.472831
0.504705
0.417449
0.565877
0.730871
0.150667
0.27751
0.5784
0.512505
0.43898
0.610092
0.865691
0.682829
0.889998
0.45341
0.781629
0.260343
0.759942
0.688912
0.712769
0.65384
0.402069
0.490813
0.628389
0.266312
0.303901
0.722395
0.558874
0.306878
0.180299
0.808595
0.647718
0.361949
0.762945
0.455099
0.852925
0.770976
0.846703
0.832887
0.801588
0.655724
0.567591
0.722097
0.70248
0.569582
0.649585
0.733527
0.786652
0.619792
0.736453
0.742787
0.579784
0.577091
0.800807
0.789608
0.369519
0.533609
0.73084
0.533752
0.393168
0.502986
0.704333
0.345434
0.338751
0.787697
0.691988
0.335439
0.584155
0.690589
0.436668
0.313685
0.496885
0.495718
0.305556
0.499672
0.575
0.719489
0.667863
0.630402
0.769652
0.858782
0.920679
0.905694
0.881723
0.747018
0.625897
0.737748
0.619897
0.531605
0.736585
0.866586
0.664433
0.779165
0.548164
0.639602
0.613307
0.447046
0.652974
0.339441
0.23102
0.529758
0.435534
0.221029
0.390836
0.48343
0.282799
0.155554
0.363991
0.580455
0.165875
0.232925
0.380371
0.573706
0.663685
0.549686
0.749396
0.715407
0.636401
0.457436
0.646995
0.673805
0.675661
0.675518
0.615618
0.663511
0.616049
0.670551
0.434773
0.518721
0.351714
0.846718
0.746876
0.547582
0.302152
0.425034
0.535661
0.499314
0.714278
0.500919
0.661959
0.688917
0.654959
0.424109
0.71867
0.481242
0.501824
0.553
0.558034
0.709891
0.263438
0.22816
0.385582
0.599308
0.393538
0.114598
0.385982
0.43508
0.664733
0.46297
0.276284
0.636831
0.643393
0.696523
0.323564
0.648592
0.31333
0.774626
0.723564
0.683751
0.82595
0.497882
0.340907
0.68291
0.322838
0.467169
0.65424
0.610836
0.40725
0.269306
0.789367
0.526139
0.308363
0.495281
0.501025
0.69009
0.748093
0.843471
0.808386
0.820409
0.75388
0.45198
0.634788
0.550101
0.633621
0.690962
0.755598
0.686208
0.73611
0.805116
0.826342
0.442474
0.769496
0.847788
0.506557
0.424553
0.712456
0.742133
0.605753
0.7666
0.782436
0.55788
0.663644
0.895863
0.657675
0.690798
0.788086
0.731068
0.711004
0.631514
0.822772
0.707482
0.835436
0.584267
0.868225
0.867784
0.842243
0.901222
0.579054
0.782211
0.720401
0.587899
0.800493
0.922733
0.925007
0.822342
0.596089
0.580982
0.899632
0.657646
0.451431
0.436743
0.690594
0.409154
0.258448
0.524785
0.636711
0.388022
0.507611
0.797862
0.462451
0.326078
0.641259
0.333162
0.627888
0.722644
0.58264
0.58991
0.344924
0.219645
0.649032
0.447603
0.33441
0.49083
0.568523
0.324436
0.59611
0.471417
0.446333
0.418983
0.415761
0.254263
0.07703
0.218121
0.456893
0.0882762
0.280715
0.242439
0.348092
0.330889
0.363851
0.438834
0.49137
0.483154
0.689717
0.545098
0.503984
0.364618
0.810309
0.646553
0.653342
0.864504
0.815186
0.585208
0.824896
0.839938
0.89893
0.85908
0.658811
0.930182
0.764653
0.470078
0.5911
0.568569
0.390862
0.440273
0.515418
0.498683
0.424006
0.361603
0.709977
0.47856
0.821385
0.823634
0.673979
0.63518
0.565236
0.640117
0.453714
0.407309
0.576877
0.509962
0.27613
0.703502
0.458884
0.225667
0.281986
0.575774
0.336535
0.159283
0.254006
0.370692
0.272808
0.0669087
0.262954
0.421159
0.592262
0.488064
0.483844
0.236986
0.407137
0.22285
0.0717598
0.124741
0.27137
0.501214
0.402146
0.580169
0.449323
0.391003
0.290691
0.457212
0.061095
0.560382
0.44236
0.497133
0.494069
0.480368
0.308939
0.288999
0.193313
0.42699
0.406469
0.43194
0.367718
0.172301
0.482507
0.528512
0.308677
0.241312
0.0629227
0.348823
0.163453
0.0334466
0.147766
0.355141
0.0526494
0.0387016
0.384559
0.083308
0.0454573
0.0739935
0.38697
0.277501
0.197364
0.263645
0.260556
0.395941
0.388646
0.486865
0.315527
0.271029
