0.226875
0.592379
0.378246
0.257675
0.637625
0.686977
0.367557
0.307135
0.781083
0.571219
0.79229
0.549993
0.667659
0.705513
0.813416
0.812425
0.873516
0.911877
0.885737
0.7895
0.61262
0.743297
0.334937
0.336742
0.0670072
0.7672
0.539856
0.694594
0.50494
0.251064
0.225362
0.47822
0.388868
0.150477
0.112826
0.253597
0.368342
0.376438
0.09431
0.1973
0.580342
0.453499
0.290204
0.574788
0.408524
0.614065
0.49211
0.398995
0.674503
0.649648
0.896745
0.633664
0.826892
0.851291
0.623455
0.390852
0.512157
0.21122
0.485512
0.521838
0.344377
0.20367
0.426031
0.366639
0.157487
0.101722
0.32366
0.347033
0.0576286
0.0966135
0.297766
0.305154
0.0821525
0.423689
0.4122
0.67178
0.735641
0.589316
0.321977
0.455211
0.271106
0.492409
0.690591
0.571854
0.884154
0.69624
0.675332
0.778754
0.638406
0.380613
0.359591
0.109282
0.300508
0.357892
0.260347
0.547841
0.536164
0.497113
0.711397
0.297843
0.282265
0.095405
0.359696
0.323603
0.57242
0.357029
0.297236
0.0744185
0.119182
0.0644199
0.0575687
0.0294607
0.104566
0.0321079
0.0743479
0.0434817
0.246952
0.460608
0.623535
0.390646
0.433715
0.471996
0.0619941
0.332875
0.101532
0.673931
0.256768
0.359915
0.468706
0.227737
0.14627
0.360388
0.298221
0.353392
0.122128
0.0583664
0.254449
0.213422
0.349267
0.407301
0.504156
0.56647
0.654779
0.200171
0.584972
0.529091
0.234467
0.187419
0.112567
0.165661
0.0636646
0.0589851
0.334551
0.110857
0.104696
0.0652761
0.105935
0.0913839
0.119791
0.211122
0.0479423
0.153433
0.234277
0.0911469
0.267341
0.309244
0.601361
0.640852
0.740257
0.642832
0.374871
0.451213
0.572804
0.396094
0.445755
0.718915
0.467745
0.533636
0.484788
0.343305
0.38786
0.604218
0.463323
0.611504
0.607786
0.639902
0.524577
0.585762
0.326618
0.558949
0.432683
0.409235
0.29974
0.342755
0.348293
0.180768
0.436865
0.317795
0.247037
0.222057
0.40076
0.420381
0.401192
0.543553
0.486646
0.453395
0.75974
0.530489
0.826692
0.8524
0.515329
0.765981
0.454676
0.236368
0.311219
0.491448
0.389708
0.230487
0.270711
0.447683
0.357738
0.0593739
0.176568
0.274231
0.083447
0.073779
0.124978
0.202775
0.354673
0.664217
0.540007
0.699015
0.478289
0.761724
0.21652
0.915578
0.516799
0.858219
0.640806
0.499254
0.392296
0.112465
0.409575
0.33649
0.189487
0.41887
0.43114
0.16513
0.14296
0.505424
0.429298
0.231719
0.368617
0.701716
0.376549
0.452796
0.793263
0.509996
0.902632
0.831672
0.862082
0.799109
0.550413
0.585436
0.448913
0.394428
0.574158
0.3886
0.639649
0.481625
0.476589
0.658951
0.658724
0.583691
0.416288
0.54888
0.686621
0.595497
0.505557
0.352849
0.777028
0.714895
0.339604
0.739757
0.801068
0.813569
0.792596
0.76498
0.757219
0.316186
0.417003
0.271288
0.720889
0.93811
0.874991
0.408673
0.482174
0.51599
0.292454
0.376785
0.201635
0.0842892
0.0783699
0.289305
0.619654
0.441596
0.196962
0.433366
0.305779
0.237417
0.556313
0.382246
0.259997
0.237697
0.382167
0.552272
0.314366
0.559807
0.739628
0.733364
0.76558
0.245948
0.315003
0.316724
0.315147
0.484066
0.592281
0.873568
0.710505
0.231894
0.219037
0.594128
0.465252
0.0840519
0.141955
0.346141
0.192579
0.139159
0.278182
0.337509
0.182972
0.352678
0.564863
0.367256
0.580899
0.613069
0.454276
0.169589
0.661428
0.588329
0.472559
0.628821
0.614577
0.723998
0.667431
0.85212
0.793615
0.589211
0.597832
0.619652
0.655758
0.397628
0.559141
0.811081
0.805731
0.504771
0.811192
0.902264
0.8695
0.817912
0.662875
0.88588
0.776532
0.736008
0.87343
0.906437
0.820523
0.66495
0.666004
0.690998
0.616952
0.375584
0.473642
0.4425
0.392466
0.224341
0.805171
0.409479
0.326761
0.814981
0.414841
0.913502
0.66476
0.337108
0.529187
0.726965
0.846017
0.767856
0.805777
0.83987
0.661617
0.807028
0.82454
0.430485
0.730745
0.857301
0.452665
0.385905
0.705546
0.556718
0.711493
0.67331
0.820307
0.860365
0.872772
0.541174
0.725509
0.330907
0.562671
0.69497
0.633013
0.810239
0.656413
0.501588
0.635535
0.613039
0.59491
0.583668
0.636852
0.659795
0.488607
0.687255
0.763981
0.751484
0.710607
0.733901
0.658015
0.649482
0.748882
0.563467
0.362001
0.433731
0.175434
0.161568
0.177211
0.114657
0.585214
0.496886
0.783947
0.580646
0.847109
0.617333
0.46277
0.530218
0.716231
0.650277
0.523112
0.228263
0.709995
0.357378
0.682894
0.724682
0.493493
0.449079
0.790624
0.745987
0.891703
0.795536
0.413774
0.318572
0.120248
0.403544
0.415562
0.66225
0.53771
0.767552
0.675849
0.905796
0.797833
0.664638
0.604519
0.523468
0.661231
0.8125
0.751725
0.934826
0.851865
0.650993
0.607654
0.686758
0.798833
0.509349
0.64013
0.520562
0.722777
0.230904
