0.637766
0.434421
0.347033
0.483258
0.692756
0.521773
0.358991
0.362
0.392519
0.322112
0.133831
0.252884
0.116349
0.0439333
0.220284
0.487528
0.535892
0.0727555
0.362999
0.157914
0.541793
0.229163
0.259005
0.344511
0.454407
0.265075
0.739993
0.312014
0.384106
0.715331
0.803947
0.0618375
0.583851
0.607739
0.579485
0.414357
0.716729
0.833403
0.436228
0.584575
0.754214
0.639791
0.219228
0.278996
0.735023
0.614256
0.239581
0.250998
0.721303
0.490968
0.176656
0.576195
0.667028
0.192104
0.272746
0.595589
0.504402
0.576491
0.76939
0.53552
0.840717
0.771284
0.764836
0.710208
0.86742
0.464938
0.576075
0.72717
0.743221
0.751965
0.854914
0.892324
0.847817
0.671901
0.544692
0.639315
0.499719
0.63311
0.433834
0.652177
0.444817
0.61658
0.566612
0.423556
0.298251
0.548317
0.382242
0.23487
0.283835
0.580095
0.433908
0.205513
0.498082
0.208627
0.498009
0.318249
0.596514
0.536531
0.484014
0.604817
0.601954
0.576502
0.645159
0.820174
0.698942
0.715355
0.752241
0.658098
0.76386
0.692952
0.834094
0.925613
0.925518
0.947877
0.587954
0.772881
0.875741
0.372206
0.453554
0.704084
0.567687
0.621435
0.524255
0.493461
0.487396
0.115681
0.374463
0.463555
0.147943
0.578637
0.663644
0.615345
0.796013
0.665225
0.785366
0.199243
0.357039
0.606946
0.597987
0.504401
0.492096
0.328186
0.782938
0.522472
0.379884
0.128241
0.167633
0.122447
0.0589759
0.187039
0.0966432
0.473706
0.102074
0.148266
0.25278
0.135485
0.408203
0.382991
0.495854
0.846422
0.788665
0.517229
0.802922
0.645704
0.880023
0.792867
0.920331
0.874593
0.807797
0.581865
0.634833
0.427038
0.366806
0.776322
0.534947
0.761416
0.708768
0.664051
0.795428
0.704218
0.574314
0.349402
0.743734
0.808678
0.761794
0.755073
0.636101
0.434595
0.624905
0.70437
0.829956
0.90519
0.918459
0.846086
0.567176
0.827105
0.667962
0.714116
0.62401
0.507244
0.362698
0.533673
0.709577
0.829567
0.624802
0.852104
0.816039
0.736177
0.682246
0.221641
0.728163
0.499847
0.321814
0.23831
0.0820163
0.459532
0.502163
0.690301
0.782098
0.811776
0.527686
0.501536
0.342391
0.416654
0.567152
0.694756
0.640898
0.459998
0.599859
0.798771
0.155554
0.479132
0.30679
0.285678
0.484948
0.570736
0.400233
0.460404
0.648857
0.415889
0.655486
0.52965
0.311994
0.428321
0.485717
0.399567
0.340538
0.429036
0.867535
0.86442
0.754606
0.902893
0.975665
0.982151
0.897272
0.907946
0.687146
0.766835
0.532165
0.570192
0.599649
0.750816
0.70193
0.578944
0.438296
0.58591
0.739535
0.519069
0.46368
0.652441
0.523802
0.467604
0.729891
0.738191
0.853365
0.650448
0.793166
0.620448
0.68243
0.7908
0.718823
0.599689
0.505785
0.602179
0.521358
0.637947
0.708961
0.513656
0.679431
0.453884
0.463987
0.655476
0.416217
0.269607
0.569182
0.594903
0.385394
0.615696
0.70023
0.764918
0.845697
0.815824
0.777141
0.859837
0.628414
0.512725
0.666643
0.472165
0.485138
0.614495
0.761692
0.76471
0.388385
0.89967
0.846225
0.630099
0.594954
0.856999
0.89089
0.613307
0.783648
0.678048
0.462986
0.732013
0.44683
0.336631
0.213078
0.608546
0.321264
0.404797
0.147264
0.538358
0.317475
0.261586
0.550235
0.662055
0.934643
0.736713
0.872374
0.932284
0.966625
0.903631
0.923401
0.814866
0.79789
0.86822
0.895644
0.817119
0.767701
0.806075
0.521854
0.385161
0.22771
0.422631
0.335476
0.241282
0.316826
0.4626
0.728751
0.382255
0.872039
0.417984
0.424676
0.495224
0.665304
0.527965
0.61258
0.417248
0.674107
0.450314
0.35863
0.606731
0.692828
0.473919
0.153005
0.623275
0.585609
0.24144
0.214018
0.445329
0.387313
0.16047
0.17105
0.22041
0.26826
0.227766
0.564338
0.510405
0.512655
0.771258
0.777506
0.501347
0.528984
0.57061
0.670259
0.457702
0.518492
0.108173
0.112637
0.428119
0.756935
0.474759
0.801924
0.724508
0.889601
0.742816
0.645701
0.583001
0.618529
0.676732
0.442913
0.289548
0.529392
0.497342
0.66
0.672526
0.618377
0.831651
0.427903
0.519398
0.694258
0.898035
0.391312
0.237171
0.782634
0.848041
0.315561
0.236122
0.658851
0.882184
0.833484
0.316421
0.463844
0.772606
0.296312
0.19488
0.630157
0.512085
0.18075
0.173796
0.562513
0.665964
0.351248
0.428669
0.540917
0.571117
0.794329
0.716168
0.864756
0.783129
0.462824
0.766778
0.895051
0.848091
0.595562
0.677606
0.775771
0.730664
0.448268
0.487511
0.271944
0.531932
0.429533
0.35818
0.379183
0.410629
0.275974
0.152526
0.263879
0.150142
0.0661747
0.43086
0.168029
0.248868
0.576213
0.655999
0.295183
0.412929
0.252349
0.0967701
0.42806
0.264095
0.121813
0.429679
0.292995
0.0450732
0.264751
0.316371
0.0600375
0.0895685
0.184306
0.14689
0.312914
0.394086
0.270714
0.180011
0.468725
0.422386
0.275842
0.264459
0.552353
0.430225
0.209809
0.491841
0.683027
0.309771
0.534086
0.879078
0.46416
0.25747
0.770747
0.81361
0.378125
0.349021
0.568285
0.538573
0.241735
0.321437
0.224767
0.525927
0.369479
0.481458
0.462671
0.405057
0.737146
0.668197
0.826114
0.675873
0.918147
0.943378
0.979251
0.964177
0.728552
0.896353
0.721857
0.91223
0.969323
0.808619
0.780651
0.613419
0.725594
0.855435
0.28391
0.588025
0.702009
0.558943
0.62684
0.433079
0.545722
0.550719
0.395257
0.50882
0.435188
0.431347
0.40321
0.268713
0.335488
0.348476
0.521788
0.670317
0.791305
0.677372
0.601365
0.761729
0.201698
0.621182
0.432925
0.770768
0.102622
0.529655
0.685895
0.606975
0.803761
0.369876
0.329715
0.837187
0.40407
0.471707
0.500694
0.285572
0.325101
0.529596
0.122267
0.230629
0.382021
0.295836
0.0913875
0.459622
0.599782
0.0899036
0.220132
0.533349
0.420984
0.224352
0.241773
0.197901
0.063961
0.200413
0.368295
0.0858721
0.145551
0.568397
0.455837
0.328575
0.266281
0.404624
0.267709
0.595958
0.329586
0.498264
0.865276
0.948099
0.919301
0.887813
0.849055
0.847844
0.630245
0.90299
0.644967
0.772032
0.481209
0.463919
0.23799
0.170267
0.726297
0.581626
0.907796
0.958559
0.885198
0.908843
0.718448
0.613631
0.828237
0.9441
0.952947
0.920894
0.887033
0.944407
0.96563
0.953934
0.681125
0.655404
0.794273
0.450792
0.089993
0.470818
0.300964
0.516311
0.182643
0.419504
0.485397
0.795918
0.742359
0.708262
0.500419
0.666532
0.696599
0.532017
0.314265
0.418027
0.590556
0.462038
0.130341
0.404915
0.293719
0.316359
0.0885776
0.281726
0.232385
0.159775
0.364432
0.566366
0.551024
0.490124
0.370362
0.534134
0.642859
0.759898
0.492813
0.286673
0.768842
0.663171
0.240504
0.574294
0.514379
0.272692
0.265081
0.326794
0.642239
0.470308
0.479464
0.509336
0.32736
0.32961
0.416232
0.125506
0.0693095
0.281078
0.23323
0.469341
0.463826
0.305799
0.390369
0.471491
0.45898
0.0797999
0.320573
0.506874
0.123636
0.0917512
0.326648
0.549378
0.673386
0.547789
0.29862
0.424549
0.33275
0.230306
0.116145
0.634439
0.692563
0.328114
0.336964
0.63142
0.50305
0.160296
0.407774
0.520353
0.43806
0.423371
0.471337
0.498163
0.801372
0.918113
0.633779
0.65661
0.438249
0.501181
0.345942
0.554763
0.226125
0.275126
0.823244
0.593295
0.344372
0.250846
0.785561
0.38895
0.219396
0.5945
0.679981
0.326032
0.37786
0.78111
0.641244
0.282928
0.621626
0.371123
0.13678
0.522311
0.422974
0.245892
0.187203
0.40075
0.50561
0.28198
0.0939849
0.40692
0.372574
0.281391
0.389068
0.247964
0.500084
0.685698
0.279099
0.655924
0.481851
0.37656
0.421234
0.665715
0.457257
0.209256
0.730667
0.527158
0.165068
0.178184
0.570482
0.640755
0.204867
0.465771
0.234952
0.448964
0.199806
0.101693
