0.64262
0.625685
0.752536
0.636824
0.74191
0.877642
0.845724
0.736756
0.905719
0.906429
0.864698
0.901382
0.913825
0.912968
0.719912
0.624103
0.732547
0.543966
0.39213
0.308048
0.447193
0.658328
0.51844
0.373627
0.418847
0.32813
0.385126
0.167837
0.435482
0.204581
0.0916766
0.251842
0.557146
0.695874
0.234489
0.476427
0.346202
0.610403
0.246927
0.502926
0.511229
0.545023
0.370587
0.754924
0.430765
0.469429
0.695879
0.858045
0.0787385
0.432264
0.597368
0.644341
0.380184
0.688206
0.802258
0.574282
0.682646
0.752274
0.709921
0.730163
0.58128
0.73186
0.738958
0.662903
0.472465
0.725708
0.71582
0.414129
0.749191
0.794059
0.405365
0.485836
0.589189
0.62304
0.630958
0.906209
0.57489
0.871405
0.638176
0.651468
0.403543
0.76445
0.350409
0.45425
0.669441
0.738701
0.777969
0.866075
0.884189
0.859075
0.671956
0.643073
0.613813
0.429747
0.645467
0.523131
0.744102
0.58212
0.6681
0.430424
0.383487
0.259345
0.429268
0.281097
0.192708
0.215808
0.401846
0.301787
0.209185
0.494571
0.246394
0.483363
0.312482
0.539732
0.517611
0.449231
0.504447
0.597915
0.637667
0.685001
0.835426
0.766133
0.717313
0.75502
0.644904
0.663026
0.483977
0.810083
0.914624
0.928999
0.940939
0.516317
0.744136
0.868047
0.324871
0.332815
0.665846
0.592854
0.566108
0.460053
0.4479
0.521411
0.170259
0.356047
0.535998
0.365348
0.638729
0.799523
0.681164
0.88875
0.557471
0.81815
0.119765
0.304515
0.508606
0.489683
0.601143
0.406986
0.176457
0.824852
0.540555
0.436535
0.275599
0.259501
0.220431
0.142239
0.335805
0.0674538
0.471525
0.203118
0.29037
0.314772
0.179657
0.39611
0.395735
0.447719
0.846258
0.794496
0.527355
0.862261
0.68975
0.874925
0.863179
0.914664
0.853989
0.856295
0.710911
0.731362
0.462279
0.441436
0.861094
0.485915
0.870776
0.627121
0.623628
0.784577
0.677757
0.516022
0.265102
0.621738
0.679409
0.526231
0.738786
0.605941
0.407305
0.53314
0.781868
0.810368
0.871401
0.910144
0.845778
0.453715
0.749477
0.638143
0.660846
0.666312
0.453915
0.202521
0.56825
0.809471
0.864856
0.707758
0.826687
0.756843
0.616093
0.619745
0.22052
0.703441
0.728042
0.160499
0.481943
0.191533
0.400131
0.689276
0.756518
0.750426
0.87258
0.413586
0.45577
0.380135
0.443671
0.611089
0.693962
0.369857
0.112676
0.285897
0.275609
0.329411
0.358764
0.503405
0.487952
0.549787
0.513513
0.504677
0.735458
0.71147
0.452338
0.609106
0.7617
0.398256
0.428586
0.420885
0.874134
0.82983
0.735476
0.879369
0.975007
0.976894
0.883909
0.870489
0.64806
0.678416
0.548073
0.591862
0.673673
0.756373
0.732948
0.652437
0.368055
0.481497
0.799841
0.508837
0.327382
0.560209
0.625235
0.513952
0.773135
0.773678
0.881505
0.815587
0.83473
0.742034
0.825448
0.824656
0.750348
0.620285
0.644437
0.672743
0.60778
0.772752
0.81747
0.529688
0.830455
0.491298
0.621966
0.412149
0.562765
0.656884
0.559927
0.694388
0.500178
0.38417
0.627934
0.373253
0.232056
0.679004
0.715857
0.42072
0.597185
0.515266
0.589116
0.824044
0.834825
0.810889
0.788564
0.527554
0.59053
0.719147
0.411961
0.560016
0.631805
0.80306
0.722161
0.367511
0.880939
0.870411
0.771701
0.471045
0.667036
0.875027
0.626735
0.681848
0.521181
0.292474
0.656357
0.360345
0.392405
0.254049
0.666107
0.305958
0.389068
0.201737
0.646943
0.370132
0.280526
0.401719
0.674399
0.929632
0.741423
0.892411
0.916575
0.96553
0.903487
0.924896
0.834189
0.737598
0.893628
0.896749
0.821198
0.705954
0.770415
0.596994
0.45714
0.393222
0.491027
0.509887
0.213483
0.296962
0.489234
0.705063
0.294197
0.834306
0.547272
0.434281
0.552055
0.550773
0.587149
0.576801
0.440609
0.698189
0.430514
0.371431
0.591071
0.599107
0.406075
0.110108
0.405921
0.334188
0.0954682
0.0939338
0.201148
0.245211
0.0860921
0.0385176
0.133307
0.140982
0.294141
0.533281
0.437098
0.505618
0.721916
0.700037
0.453446
0.438146
0.557371
0.625085
0.556493
0.502137
0.331193
0.466792
0.48206
0.657244
0.463554
0.793307
0.794427
0.889349
0.720174
0.711481
0.745184
0.618106
0.590755
0.509645
0.432983
0.569066
0.466908
0.534343
0.608264
0.392864
0.85082
0.438569
0.528852
0.662104
0.862912
0.418234
0.319752
0.688336
0.865411
0.214256
0.369524
0.679242
0.845609
0.737041
0.255937
0.334201
0.598974
0.297341
0.115321
0.437509
0.430875
0.172883
0.209603
0.4902
0.571513
0.339783
0.393222
0.587687
0.612182
0.853545
0.801351
0.864218
0.703674
0.51523
0.772114
0.885294
0.844746
0.592185
0.616916
0.72641
0.760236
0.473463
0.510195
0.319816
0.539113
0.399767
0.328469
0.277925
0.434981
0.266811
0.159539
0.337492
0.156468
0.0928226
0.572639
0.326861
0.332778
0.690585
0.633079
0.342142
0.403796
0.167683
0.132136
0.464826
0.253729
0.150371
0.400935
0.303567
0.046833
0.250067
0.281114
0.128511
0.0837009
0.103058
0.0720322
0.35193
0.275743
0.209477
0.148452
0.445908
0.346262
0.221157
0.247387
0.512744
0.431839
0.193825
0.425147
0.643123
0.254203
0.443424
0.794579
0.413249
0.200933
0.678896
0.760491
0.368273
0.38429
0.616827
0.610316
0.405355
0.521725
0.482095
0.667886
0.453005
0.552249
0.56993
0.411126
0.763518
0.655445
0.792771
0.812022
0.923227
0.946855
0.979971
0.972376
0.838114
0.922356
0.737425
0.902347
0.967514
0.782825
0.804689
0.642155
0.703206
0.8255
0.315564
0.558258
0.688169
0.582956
0.569016
0.457293
0.621745
0.531387
0.392822
0.560056
0.526425
0.400042
0.412671
0.317761
0.316032
0.147722
0.647397
0.717114
0.835939
0.733642
0.622288
0.777671
0.475269
0.646466
0.543193
0.739435
0.0997614
0.657096
0.809792
0.701278
0.837905
0.389529
0.384316
0.813373
0.388062
0.472442
0.541893
0.329637
0.3274
0.547022
0.118091
0.248098
0.466987
0.470735
0.0689088
0.428195
0.552165
0.0395246
0.218377
0.497785
0.351894
0.317287
0.346678
0.242944
0.123905
0.1846
0.37575
0.166395
0.292482
0.644727
0.51248
0.444382
0.31036
0.524854
0.209444
0.635716
0.434995
0.533306
0.883893
0.944749
0.916636
0.844598
0.817269
0.87762
0.694992
0.875219
0.602487
0.830389
0.53093
0.368958
0.216732
0.265511
0.785709
0.365315
0.902635
0.934253
0.827828
0.872893
0.664342
0.537673
0.756449
0.913145
0.936332
0.909437
0.918723
0.954528
0.965951
0.963875
0.720649
0.813253
0.70692
0.165173
0.550919
0.422708
0.524989
0.116323
0.370983
0.47556
0.749284
0.544465
0.624936
0.544676
0.554733
0.66217
0.628387
0.345303
0.48034
0.536432
0.534725
0.282916
0.275544
0.242711
0.307188
0.148563
0.310839
0.197054
0.203857
0.497471
0.534935
0.565761
0.429798
0.325033
0.519712
0.65897
0.673621
0.506527
0.29661
0.694651
0.575477
0.37591
0.518158
0.433238
0.233061
0.215302
0.236108
0.568369
0.358602
0.391881
0.233074
0.312125
0.417257
0.369162
0.0894135
0.300694
0.379926
0.22098
0.462434
0.496329
0.325213
0.319066
0.425159
0.440791
0.116554
0.330408
0.427694
0.130134
0.0934038
0.29447
0.46369
0.590714
0.49229
0.251397
0.376998
0.357016
0.171539
0.116691
0.604467
0.680842
0.25966
0.282281
0.613297
0.424641
0.0934531
0.340424
0.466407
0.228885
0.133788
0.419602
0.395136
0.784223
0.8908
0.478485
0.607894
0.417987
0.406787
0.294942
0.543506
0.272206
0.13515
0.788727
0.612404
0.293057
0.166569
0.749564
0.419059
0.162612
0.619902
0.678428
0.35794
0.404241
0.767393
0.588625
0.3443
0.574235
0.338485
0.130036
0.59518
0.470084
0.352359
0.166611
0.346339
0.453796
0.205668
0.111659
0.231657
0.363277
0.319908
0.409094
0.241185
0.511342
0.834533
0.338893
0.738995
0.45724
0.38153
0.417233
0.664308
0.386932
0.259699
0.605209
0.559363
0.226873
0.168617
0.396317
0.51981
0.134302
0.421845
0.229746
0.443496
0.234566
0.54899
0.140016
0.377929
0.435227
0.516295
0.782082
