0.198312
0.519692
0.336974
0.0963865
0.595494
0.660455
0.263663
0.400123
0.744958
0.465116
0.721777
0.431165
0.381912
0.553571
0.70915
0.693876
0.749238
0.949016
0.845159
0.764768
0.465642
0.619214
0.403947
0.620786
0.0691508
0.847635
0.56281
0.855474
0.728349
0.325573
0.269295
0.554387
0.40235
0.180218
0.111746
0.224527
0.429835
0.36089
0.0996643
0.217388
0.583522
0.33854
0.219548
0.443694
0.370523
0.597238
0.491486
0.341542
0.816427
0.768235
0.946961
0.841733
0.917039
0.914868
0.867795
0.682472
0.682682
0.304039
0.661894
0.655249
0.403582
0.282607
0.459645
0.406974
0.238772
0.129359
0.371593
0.316488
0.064253
0.12822
0.307097
0.249825
0.0786965
0.376012
0.329562
0.720188
0.525991
0.60146
0.588491
0.50647
0.421514
0.588539
0.749696
0.631042
0.960291
0.730938
0.801803
0.938242
0.847772
0.92697
0.397696
0.656186
0.834709
0.828199
0.446406
0.427128
0.818218
0.771395
0.58599
0.563788
0.700827
0.337167
0.338196
0.0682919
0.248637
0.150153
0.379009
0.384328
0.248539
0.129738
0.171809
0.086293
0.115694
0.0429884
0.290546
0.212992
0.363267
0.388755
0.337453
0.472156
0.606085
0.274093
0.448179
0.54826
0.117776
0.457366
0.291865
0.773776
0.29369
0.367968
0.569845
0.368842
0.327056
0.445055
0.464769
0.511357
0.177972
0.0745846
0.392669
0.531418
0.565514
0.549695
0.599545
0.794329
0.882823
0.506154
0.816652
0.597711
0.367061
0.262185
0.107725
0.275538
0.0706458
0.0803922
0.405403
0.0965221
0.10881
0.142799
0.118416
0.125496
0.255309
0.129934
0.0374542
0.0898942
0.420989
0.128041
0.412366
0.213529
0.648976
0.63622
0.766258
0.861706
0.89508
0.941934
0.878767
0.89638
0.600604
0.833813
0.584169
0.683936
0.420278
0.380135
0.398548
0.731328
0.470849
0.836426
0.615204
0.725454
0.554531
0.663846
0.384623
0.734227
0.615331
0.433042
0.502919
0.52654
0.43906
0.270977
0.570275
0.368008
0.304306
0.305391
0.493238
0.44681
0.451547
0.673083
0.674702
0.591236
0.871336
0.613871
0.892052
0.875357
0.566039
0.757065
0.617331
0.243362
0.32474
0.566947
0.387104
0.230506
0.242064
0.427441
0.476269
0.123363
0.22423
0.282987
0.117133
0.134182
0.184426
0.230606
0.608872
0.778385
0.675229
0.861775
0.671688
0.885754
0.344026
0.892523
0.525698
0.86706
0.757665
0.588865
0.500031
0.209964
0.363695
0.362965
0.125691
0.406105
0.422034
0.142958
0.196214
0.595429
0.513153
0.280852
0.44926
0.753389
0.688569
0.573179
0.606093
0.479135
0.881992
0.845955
0.878334
0.776855
0.542877
0.608583
0.642762
0.431383
0.592134
0.418342
0.708956
0.504514
0.427881
0.659271
0.66203
0.525576
0.405075
0.450689
0.629724
0.542241
0.577018
0.319885
0.770539
0.72794
0.339951
0.748315
0.816383
0.794382
0.81085
0.831939
0.779338
0.395845
0.552274
0.254602
0.644857
0.940223
0.868545
0.392443
0.380957
0.446798
0.243374
0.339789
0.216906
0.204089
0.102666
0.283275
0.572489
0.394451
0.172971
0.321436
0.261188
0.193901
0.464458
0.300072
0.220714
0.218036
0.284068
0.406391
0.267175
0.494619
0.561927
0.627794
0.695742
0.225259
0.506147
0.38196
0.365098
0.512436
0.530079
0.887478
0.679839
0.177765
0.229595
0.655555
0.707868
0.115318
0.23465
0.310075
0.190621
0.109477
0.235821
0.309423
0.189029
0.259985
0.465763
0.358294
0.480797
0.53867
0.319547
0.142881
0.655883
0.470548
0.279562
0.448052
0.494657
0.651569
0.577335
0.764229
0.532479
0.58492
0.541317
0.664322
0.611628
0.449711
0.603654
0.863524
0.815371
0.620629
0.854154
0.910591
0.850123
0.802997
0.612486
0.887343
0.745614
0.637573
0.867208
0.906388
0.791954
0.603894
0.703565
0.749343
0.567483
0.357076
0.483878
0.346384
0.409274
0.379066
0.593596
0.262359
0.236644
0.762069
0.286029
0.825226
0.649591
0.319506
0.240421
0.736457
0.84066
0.840171
0.832995
0.903019
0.74614
0.884768
0.876507
0.470618
0.775305
0.908559
0.587082
0.492836
0.830538
0.661493
0.591675
0.470681
0.696554
0.795131
0.905458
0.558576
0.812078
0.376838
0.548561
0.721399
0.64316
0.866296
0.665439
0.5735
0.71741
0.587991
0.649005
0.712936
0.62538
0.778326
0.557075
0.734159
0.730966
0.630329
0.720483
0.764518
0.698546
0.727801
0.745062
0.541465
0.335375
0.420979
0.224051
0.104129
0.249253
0.120105
0.693848
0.449055
0.797783
0.472529
0.832994
0.51976
0.35493
0.547036
0.624868
0.450041
0.341911
0.190066
0.475314
0.346211
0.806781
0.807332
0.391221
0.410511
0.841644
0.365449
0.853502
0.434903
0.156107
0.13701
0.108839
0.187262
0.41129
0.347942
0.483768
0.709343
0.705081
0.907866
0.814527
0.672213
0.63368
0.663047
0.682373
0.847652
0.809027
0.938098
0.848756
0.56868
0.56378
0.709775
0.773905
0.411607
0.593316
0.298554
0.484387
0.150863
