0.347424
0.558223
0.60471
0.71085
0.659689
0.707602
0.419931
0.255323
0.571063
0.770683
0.582699
0.703041
0.538626
0.850611
0.863401
0.667782
0.463288
0.587832
0.671632
0.524287
0.413603
0.647137
0.478541
0.235017
0.403345
0.328476
0.153396
0.312701
0.357243
0.667257
0.3645
0.208209
0.685668
0.387637
0.422328
0.54711
0.60816
0.715132
0.758067
0.650941
0.629316
0.493309
0.195933
0.434476
0.418975
0.615795
0.507469
0.490405
0.606787
0.678635
0.782334
0.617998
0.789121
0.799106
0.856235
0.532717
0.3968
0.459028
0.44843
0.485231
0.0381488
0.102932
0.176556
0.122885
0.396264
0.261666
0.111251
0.616091
0.143418
0.764767
0.767736
0.853033
0.565986
0.690651
0.837347
0.485064
0.596464
0.70129
0.671201
0.447128
0.454248
0.267597
0.450213
0.533243
0.591705
0.654337
0.545479
0.4501
0.866963
0.691205
0.88212
0.867581
0.80442
0.824675
0.553383
0.765507
0.372321
0.651808
0.127719
0.284557
0.416296
0.170005
0.18649
0.291188
0.158096
0.425026
0.324267
0.411567
0.645264
0.379825
0.178276
0.711927
0.426294
0.361882
0.244458
0.573118
0.40199
0.536052
0.395541
0.549947
0.766189
0.777277
0.37996
0.446768
0.668245
0.403679
0.180763
0.377657
0.654578
0.528652
0.189171
0.400952
0.518863
0.0720311
0.498911
0.142892
0.488344
0.348698
0.355365
0.46219
0.437483
0.633811
0.595012
0.746436
0.744161
0.46324
0.555249
0.667001
0.32362
0.298
0.556586
0.468065
0.197055
0.397019
0.395278
0.357869
0.46223
0.332672
0.403778
0.747091
0.862778
0.80926
0.746307
0.702699
0.578821
0.430178
0.660516
0.554421
0.263955
0.454931
0.560915
0.208547
0.334633
0.408163
0.492107
0.482378
0.452418
0.541315
0.678026
0.604433
0.466484
0.669187
0.559453
0.747653
0.459253
0.68509
0.455035
0.492152
0.357185
0.472556
0.211973
0.37064
0.485839
0.19893
0.245911
0.493842
0.3271
0.115542
0.443073
0.583971
0.471759
0.336328
0.465884
0.575347
0.653303
0.342746
0.522327
0.680582
0.481256
0.332
0.680976
0.501211
0.479865
0.670832
0.533022
0.754908
0.676005
0.684194
0.507037
0.611012
0.436761
0.283824
0.251505
0.187325
0.271816
0.253395
0.239241
0.388005
0.114032
0.316606
0.32207
0.389243
0.26835
0.483943
0.542345
0.41927
0.535922
0.764098
0.606833
0.25056
0.389065
0.30248
0.269828
0.102862
0.105888
0.19892
0.092413
0.128959
0.0584733
0.0865509
0.0777142
0.210483
0.163262
0.235152
0.24616
0.415205
0.256547
0.739988
0.57233
0.620221
0.445432
0.566509
0.380376
0.437708
0.443017
0.135026
0.440739
0.337604
0.0767947
0.218749
0.346297
0.218511
0.0520413
0.222603
0.083788
0.3009
0.330105
0.224536
0.413483
0.444969
0.511609
0.520992
0.463156
0.647726
0.465079
0.758369
0.808114
0.820063
0.675119
