0.659235
0.443524
0.593668
0.678548
0.321306
0.29565
0.479969
0.612722
0.429532
0.457852
0.300222
0.0458263
0.273161
0.596965
0.683204
0.462565
0.612542
0.515559
0.453427
0.659838
0.606667
0.425681
0.25435
0.395475
0.6253
0.374423
0.405663
0.261898
0.429331
0.338161
0.262251
0.626694
0.465283
0.601606
0.630276
0.45485
0.304225
0.332165
0.24285
0.415566
0.369024
0.366416
0.577367
0.618943
0.418275
0.546144
0.331048
0.600599
0.686382
0.407387
0.675227
0.33857
0.357399
0.720249
0.45788
0.336329
0.325871
0.595373
0.262399
0.242204
0.361411
0.379663
0.229152
0.273172
0.0680421
0.568916
0.512396
0.26937
0.419129
0.671417
0.272721
0.409857
0.378534
0.584284
0.486279
0.302198
0.610485
0.709657
0.273483
0.416815
0.631241
0.347283
0.164057
0.307002
0.242757
0.0958588
0.363428
0.513968
0.239273
0.143159
0.361007
0.277291
0.128328
0.438947
0.481361
0.109002
0.291293
0.655321
0.489552
0.381979
0.490835
0.522547
0.542142
0.340537
0.722742
0.592956
0.434764
0.525134
0.659189
0.202395
0.275525
0.546759
0.625522
0.38525
0.39478
0.714784
0.318205
0.306239
0.331548
0.727366
0.556809
0.286858
0.573558
0.527976
0.536062
0.483758
0.456671
0.649784
0.323534
0.22761
0.616934
0.397934
0.406086
0.369053
0.434485
0.348754
0.199876
0.123693
0.0541879
0.152208
0.066034
0.0436898
0.0805975
0.0931051
0.0347369
0.0247076
0.0966233
0.0905753
0.297698
0.569243
0.544895
0.505421
0.478821
0.678402
0.520723
0.685191
0.591789
0.507089
0.368329
0.289074
0.591405
0.919417
0.934781
0.973476
0.926079
0.919145
0.90195
0.534557
0.429039
0.795367
0.822592
0.236759
0.361072
0.673633
0.937432
0.280402
0.22268
0.657308
0.0764345
0.512924
0.66381
0.63245
0.437469
0.412232
0.1893
0.176135
0.482905
0.327673
0.828593
0.503088
0.904992
0.700226
0.722132
0.381708
0.339072
0.588028
0.360941
0.103483
0.549482
0.557743
0.274693
0.454218
0.74216
0.30712
0.497957
0.556558
0.471586
0.294986
0.505628
0.644324
0.543866
0.48792
0.254643
0.212167
0.263671
0.380549
0.434634
0.718349
0.630467
0.878799
0.820005
0.859351
0.748041
0.541344
0.740395
0.567712
0.651925
0.730785
0.483147
0.228674
0.432223
0.218235
0.441399
0.355302
0.470707
0.264461
0.561468
0.747076
0.896696
0.955228
0.950025
0.95968
0.839246
0.821869
0.885878
0.63782
0.576526
0.610435
0.763237
0.399758
0.217269
0.379822
0.0802255
0.0966537
0.403609
0.642492
0.722684
0.601117
0.831762
0.722112
0.916113
0.911087
0.87228
0.832765
0.787054
0.378522
0.462
0.34314
0.485544
0.440575
0.561536
0.235233
0.207595
0.337458
0.226584
0.447142
0.168457
0.355232
0.434397
0.37149
0.461828
0.664781
0.368011
0.513419
0.771451
0.408006
0.257218
0.712484
0.73428
0.797799
0.383048
0.153874
0.917085
0.944227
0.964613
0.709495
0.307099
0.252485
0.682722
0.484305
0.304214
0.585112
0.198714
0.261907
0.322647
0.0999376
0.308413
0.365194
0.13068
0.156384
0.462241
0.346256
0.108615
0.0989205
0.38253
0.220674
0.131595
0.391181
0.611578
0.282151
0.227611
0.593513
0.614318
0.574117
0.424269
0.405253
0.506745
0.468382
0.153772
0.346358
0.252331
0.331369
0.591424
0.647447
0.210982
0.335597
0.746362
0.778316
0.606529
0.310735
0.461807
0.676047
0.320702
0.128035
0.451257
0.558435
0.429306
0.241218
0.383863
0.41933
0.252375
0.140201
0.29266
0.256516
0.108754
0.258633
0.163604
0.348822
0.450745
0.383946
0.219461
0.265298
0.452704
0.481825
0.580269
0.484947
0.418521
0.152786
0.317374
0.354245
0.351194
0.38018
0.43573
0.367949
0.421831
0.444214
0.44668
0.485536
0.515213
0.520984
0.688109
0.581688
0.391111
0.590942
0.555777
0.166837
0.279572
0.42201
0.495136
0.522945
0.427514
0.884433
0.895042
0.683721
0.955207
0.715345
0.41577
0.412519
0.336172
0.41928
0.287717
0.65393
0.497905
0.44794
0.198056
0.317784
0.554753
0.101717
0.34334
0.444873
0.225382
0.173095
0.597318
0.400735
0.196707
0.237422
0.588861
0.574791
0.713759
0.13842
0.483461
0.534661
0.482619
0.419224
0.418327
0.524453
0.302872
0.305358
0.172986
0.105874
0.101552
0.450046
0.316559
0.159033
0.322936
0.325118
0.315704
0.178511
0.153128
0.354482
0.232445
0.382994
0.31247
0.714102
0.541313
0.742601
0.44499
0.344398
0.46008
0.660444
0.793684
0.900563
0.89786
0.7809
0.887063
0.674408
0.714309
0.821447
0.72638
0.735535
0.597866
0.0961013
0.308782
0.36346
0.604544
0.662416
0.459828
0.458173
0.679967
0.701811
0.902672
0.836726
0.667597
0.517911
0.645123
0.619293
0.424523
0.571641
0.513723
0.436449
0.563737
0.52753
0.650536
0.753345
0.657167
0.696696
0.662544
0.664059
0.530154
0.41245
0.374749
0.0994057
0.238174
0.071149
0.177483
0.229023
0.036633
0.0728044
0.0872425
