0.721036
0.816031
0.657307
0.870691
0.889858
0.729568
0.890511
0.898639
0.876923
0.81988
0.464023
0.796607
0.666959
0.491803
0.478219
0.698341
0.554419
0.375786
0.243842
0.408171
0.612196
0.497894
0.317703
0.382687
0.345324
0.366097
0.109784
0.402503
0.250446
0.0746739
0.203907
0.518784
0.681076
0.200552
0.502327
0.327232
0.614076
0.243241
0.475534
0.543635
0.583773
0.426026
0.817042
0.50202
0.482267
0.763436
0.845915
0.0634177
0.490262
0.601147
0.603493
0.319771
0.655241
0.772579
0.579893
0.621905
0.741024
0.689562
0.668255
0.410029
0.732104
0.75125
0.539937
0.400846
0.703137
0.580587
0.303819
0.714367
0.69253
0.335994
0.402676
0.512981
0.549101
0.528228
0.848226
0.704323
0.847345
0.838207
0.833419
0.848597
0.889598
0.706105
0.627103
0.775713
0.73482
0.763313
0.875983
0.864696
0.850559
0.65981
0.532565
0.614444
0.461622
0.658462
0.529977
0.669649
0.616013
0.587053
0.467778
0.379598
0.190539
0.476971
0.315264
0.178092
0.226912
0.460759
0.359831
0.212696
0.469658
0.301319
0.571802
0.376497
0.593267
0.525335
0.509395
0.63508
0.592129
0.643494
0.745681
0.835834
0.775461
0.758576
0.811962
0.425418
0.769186
0.885257
0.955469
0.941486
0.890975
0.921984
0.705431
0.78907
0.792922
0.439658
0.407523
0.583933
0.573121
0.618774
0.411592
0.474338
0.480221
0.314426
0.359564
0.444787
0.360768
0.633936
0.78133
0.735254
0.869828
0.666708
0.772917
0.322
0.393431
0.502744
0.702169
0.642293
0.491517
0.549243
0.922816
0.611332
0.488645
0.213517
0.268994
0.249842
0.0769873
0.299219
0.178051
0.478789
0.215532
0.285172
0.464835
0.273652
0.434335
0.459066
0.504589
0.857177
0.84976
0.546905
0.836156
0.697409
0.886619
0.827789
0.913108
0.862787
0.857285
0.718077
0.664827
0.432745
0.36667
0.709914
0.465758
0.680795
0.610099
0.467024
0.634252
0.689844
0.607129
0.329431
0.712196
0.829415
0.671051
0.809307
0.684191
0.574192
0.660423
0.761682
0.845531
0.885166
0.889493
0.728378
0.433079
0.652393
0.635306
0.640522
0.612977
0.578129
0.106329
0.544395
0.727225
0.888306
0.683687
0.85134
0.776848
0.650111
0.629484
0.219393
0.744178
0.73661
0.279682
0.459668
0.188629
0.448259
0.643475
0.722669
0.770981
0.868259
0.612232
0.441864
0.36255
0.439638
0.64402
0.721654
0.654783
0.495736
0.300097
0.543786
0.475221
0.565809
0.640983
0.497147
0.669247
0.653454
0.514851
0.392504
0.758098
0.624927
0.353536
0.51221
0.629538
0.340277
0.419326
0.599545
0.961621
0.972947
0.744452
0.674335
0.733182
0.695928
0.890744
0.822712
0.715394
0.49437
0.666934
0.831776
0.297272
0.338002
0.617124
0.520817
0.464637
0.680034
0.759229
0.805649
0.651374
0.7575
0.724609
0.706335
0.743283
0.671543
0.501777
0.488945
0.623717
0.493819
0.669218
0.778732
0.403939
0.679489
0.346887
0.506736
0.352103
0.585851
0.601398
0.56264
0.712564
0.551868
0.474101
0.631285
0.40213
0.296224
0.608425
0.586075
0.394538
0.62837
0.651672
0.726257
0.805957
0.774288
0.696223
0.867657
0.681392
0.662057
0.77936
0.455341
0.619266
0.532885
0.810435
0.772494
0.405029
0.88916
0.858214
0.764255
0.627777
0.867288
0.89622
0.654606
0.830913
0.692024
0.482034
0.70745
0.419069
0.415773
0.306737
0.655828
0.42954
0.416941
0.203585
0.699894
0.436886
0.291201
0.455216
0.684459
0.90734
0.667947
0.767661
0.875625
0.879885
0.811175
0.825985
0.749753
0.60985
0.729932
0.850892
0.805074
0.81832
0.85493
0.584702
0.417179
0.360227
0.589902
0.588965
0.331361
0.403641
0.642875
0.754707
0.40717
0.874565
0.547182
0.441043
0.577651
0.640497
0.506618
0.588681
0.415808
0.714474
0.450706
0.377264
0.574048
0.667341
0.418473
0.165674
0.516244
0.432212
0.117934
0.0986318
0.28013
0.298235
0.0902224
0.0358495
0.124831
0.165161
0.15899
0.459643
0.424607
0.503883
0.687868
0.722748
0.464536
0.472616
0.483257
0.557207
0.466686
0.322372
0.14499
0.299601
0.433798
0.647564
0.445138
0.740733
0.728656
0.83815
0.703687
0.693568
0.663311
0.634784
0.682876
0.607625
0.429495
0.576226
0.49297
0.521869
0.546748
0.363295
0.720443
0.506887
0.546417
0.67246
0.760281
0.398561
0.310204
0.58661
0.728812
0.267684
0.263158
0.48227
0.718042
0.719953
0.253092
0.32593
0.650194
0.316434
0.143101
0.556868
0.473236
0.199444
0.181715
0.486193
0.545586
0.308887
0.422673
0.358197
0.535709
0.783003
0.738414
0.75011
0.667546
0.465419
0.762093
0.845294
0.795063
0.57503
0.631556
0.673623
0.717175
0.49711
0.556291
0.329217
0.572252
0.40772
0.320007
0.328835
0.427844
0.238774
0.149715
0.337654
0.168785
0.0974295
0.447897
0.327462
0.274076
0.625393
0.616174
0.345197
0.35419
0.17408
0.129575
0.444089
0.249758
0.161532
0.421986
0.297793
0.0590774
0.251058
0.294755
0.125116
0.0836555
0.118691
0.0990948
0.367411
0.279913
0.199249
0.173568
0.445367
0.355398
0.25636
0.253464
0.508256
0.45546
0.207831
0.499478
0.656983
0.287612
0.512884
0.829146
0.414223
0.321726
0.763007
0.751883
0.483225
0.480696
0.552939
0.578206
0.385015
0.423064
0.507981
0.626277
0.49932
0.521558
0.564854
0.445487
0.75253
0.681678
0.832903
0.60895
0.914533
0.921296
0.95945
0.956218
0.752499
0.788498
0.573621
0.748031
0.918021
0.614397
0.784173
0.655284
0.69105
0.852645
0.424723
0.588455
0.665573
0.63385
0.635443
0.493482
0.668525
0.580469
0.409436
0.584208
0.573037
0.447212
0.392286
0.312375
0.394542
0.254131
0.602623
0.673759
0.825633
0.746035
0.680234
0.850436
0.41686
0.726073
0.554884
0.728682
0.109683
0.643996
0.836233
0.762177
0.914984
0.672717
0.424947
0.874413
0.404243
0.4906
0.54634
0.44086
0.373557
0.59172
0.220013
0.404952
0.464522
0.442697
0.123043
0.400637
0.572352
0.0910071
0.221234
0.55916
0.464912
0.359096
0.411171
0.325669
0.208231
0.289053
0.457944
0.26998
0.261124
0.645069
0.648424
0.422892
0.430155
0.505273
0.259402
0.496901
0.428652
0.512337
0.846578
0.957602
0.937924
0.89614
0.838306
0.795706
0.645395
0.889316
0.648173
0.773553
0.550925
0.437256
0.258167
0.291173
0.809502
0.334755
0.907604
0.894158
0.83119
0.836687
0.624013
0.530471
0.740275
0.830809
0.89116
0.790768
0.859551
0.870731
0.927276
0.911258
0.64274
0.770985
0.604051
0.172324
0.578065
0.439092
0.536501
0.163547
0.417703
0.583128
0.773298
0.560692
0.668319
0.507313
0.644432
0.762552
0.632708
0.253006
0.442739
0.574688
0.560243
0.253045
0.374755
0.263682
0.318069
0.146842
0.330443
0.241404
0.265316
0.513798
0.641576
0.583946
0.453408
0.385404
0.504072
0.596989
0.653993
0.509832
0.266535
0.644047
0.526604
0.281796
0.550445
0.319889
0.138062
0.281381
0.197951
0.578299
0.370455
0.40873
0.240575
0.336647
0.442762
0.359992
0.0820812
0.327661
0.400915
0.234772
0.479766
0.507291
0.316917
0.308031
0.527075
0.424482
0.11593
0.395109
0.540766
0.196342
0.101456
0.325
0.566052
0.668844
0.531031
0.33073
0.368765
0.377359
0.211695
0.117622
0.588111
0.656666
0.282237
0.27016
0.613706
0.465811
0.0841795
0.313021
0.461024
0.240278
0.13131
0.347548
0.376415
0.593314
0.748344
0.519892
0.598406
0.389195
0.441697
0.33517
0.571811
0.339535
0.223933
0.802928
0.552871
0.364451
0.269043
0.737494
0.500582
0.186731
0.613177
0.712735
0.385658
0.412528
0.77556
0.605278
0.322843
0.556186
0.347584
0.136508
0.477193
0.470875
0.362376
0.19451
0.36397
0.447049
0.18124
0.106898
0.285389
0.347802
0.284435
0.373845
0.225865
0.454956
0.745355
0.221089
0.459422
0.335064
0.307904
0.251862
0.526525
0.314752
0.217093
0.57696
0.514895
0.209794
0.141949
0.382245
0.613457
0.151743
0.503499
0.263391
0.449408
0.151439
0.576841
0.105173
0.331647
0.36169
0.424653
0.599854
0.707397
