0.497534
0.576157
0.231195
0.69989
0.706819
0.579548
0.675783
0.480801
0.692681
0.650364
0.567409
0.591537
0.512432
0.676416
0.468347
0.444441
0.46241
0.576925
0.192788
0.434983
0.293008
0.41429
0.391205
0.476298
0.289699
0.500554
0.21921
0.175391
0.724248
0.238229
0.645005
0.175049
0.212322
0.234983
0.1323
0.281906
0.344205
0.493302
0.509126
0.438034
0.529172
0.502349
0.467867
0.360621
0.316604
0.594672
0.539232
0.226523
0.42102
0.4905
0.437912
0.416351
0.14329
0.443996
0.405785
0.281976
0.114749
0.360918
0.0848103
0.345093
0.343666
0.180557
0.515848
0.367505
0.0476972
0.0902905
0.13604
0.21963
0.169457
0.347535
0.297906
0.430418
0.341511
0.229213
0.3343
0.33072
0.448806
0.869071
0.761829
0.453218
0.387832
0.588444
0.353506
0.249169
0.26921
0.2101
0.547664
0.328733
0.569463
0.266984
0.662382
0.206114
0.344919
0.366205
0.296655
0.36355
0.523565
0.45385
0.452426
0.139876
0.112525
0.0869662
0.0694658
0.109302
0.275404
0.132363
0.558882
0.604774
0.385912
0.840464
0.638641
0.76241
0.696196
0.74155
0.833342
0.448242
0.364026
0.372118
0.637639
0.83805
0.664485
0.377542
0.514082
0.212022
0.358896
0.498587
0.682193
0.629109
0.643155
0.50226
0.879963
0.716634
0.853871
0.819953
0.776039
0.735417
0.331473
0.273857
0.193751
0.424759
0.36973
0.336615
0.310147
0.659939
0.475349
0.874447
0.745805
0.710939
0.608215
0.713527
0.423062
0.492068
0.58553
0.233593
0.505996
0.275038
0.4581
0.355572
0.463082
0.447454
0.359082
0.3765
0.448661
0.458191
0.0659916
0.446822
0.39545
0.672031
0.441697
0.492465
0.505042
0.104521
0.270127
0.208306
0.122177
0.117403
0.160738
0.0694488
0.152256
0.154358
0.0608636
0.212413
0.349845
0.162887
0.104839
0.251259
0.0986513
0.237891
0.190547
0.447065
0.288309
0.453178
0.268489
0.415521
0.498547
0.351989
0.847811
0.820434
0.440976
0.521961
0.438755
0.201541
0.193497
0.214579
0.338776
0.323378
0.324182
0.259177
0.341706
0.169359
0.323019
0.303902
0.173764
0.418138
0.181258
0.241429
0.322351
0.523541
0.258708
0.552069
0.137442
0.47179
0.608391
0.211304
0.241393
0.550128
0.431821
0.219223
0.562007
0.476216
0.403348
0.320359
0.569809
0.178268
0.0998493
0.562426
0.471623
0.272314
0.297109
0.4701
0.263633
0.271321
0.207886
0.656014
0.356279
0.204012
0.312397
0.541035
0.447111
0.655556
0.304562
0.387094
0.454695
0.15609
0.341322
0.419797
0.637171
0.542841
0.773236
0.637753
0.573231
0.695755
0.779825
0.948814
0.848126
0.932595
0.958723
0.917063
0.879095
0.839962
0.424028
0.548361
0.695902
0.692517
0.694276
0.60141
0.566275
0.741565
0.778968
0.692955
0.706398
0.563229
0.608199
0.616971
0.794127
0.875151
0.57094
0.808237
0.877673
0.4043
0.240618
0.845108
0.549973
0.230622
0.16572
0.680512
0.488111
0.622258
0.477531
0.739505
0.745514
0.473457
0.21723
0.519884
0.615873
0.79645
0.662416
0.831848
0.372061
0.517426
0.618951
0.625365
0.431558
0.447794
0.652876
0.0138124
0.352333
0.159245
0.803364
0.740144
0.552828
0.221024
0.732918
0.553046
0.414373
0.558727
0.351808
0.48409
0.71774
0.849742
0.553418
0.576054
0.528969
0.862366
0.514746
0.498422
0.634464
0.748485
0.471776
0.796848
0.861578
0.769159
0.854427
0.777683
0.904433
0.684923
0.697023
0.815485
0.820911
0.393233
0.527359
0.784933
0.859376
0.0795619
0.304857
0.155105
0.541017
0.411766
0.753325
0.522209
0.449908
0.633866
0.734208
0.453628
0.461212
0.573463
0.273848
0.388527
0.562744
0.698647
0.807005
0.837401
0.842486
0.657764
0.90143
0.847881
0.871684
0.413654
0.117673
0.842697
0.673164
0.353517
0.101259
0.343914
0.644761
0.689091
0.656979
0.67201
0.85579
0.68185
0.544128
0.582705
0.752799
0.541847
0.341488
0.61004
0.812888
0.618525
0.5663
0.679056
0.768322
0.336538
0.489807
0.515815
0.435664
0.217738
0.368576
0.329222
0.178513
0.14659
0.292034
0.362004
0.294023
0.473787
0.569099
0.449731
0.735079
0.838083
0.572836
0.153592
0.693316
0.782156
0.258787
0.36187
0.569304
0.40129
0.0524642
0.35238
0.470988
0.112254
0.108687
0.366494
0.225054
0.0715251
0.376667
0.702716
0.377281
0.392069
0.734944
0.38875
0.782191
0.470111
0.163228
0.860798
0.870013
0.665392
0.238631
0.456962
0.388103
0.846478
0.784989
0.638642
0.774397
0.914614
0.775584
0.693862
0.85084
0.436438
0.412882
0.351485
0.642193
0.571587
0.286033
0.284765
0.357258
0.365946
0.172261
0.388729
0.32678
0.186677
0.213323
0.485431
0.412524
0.194595
0.211186
0.33045
0.366563
0.127193
0.176714
0.443936
0.221679
0.198044
0.506575
0.483124
0.679557
0.476149
0.329785
0.653629
0.565081
0.301647
0.560907
0.737956
0.797648
0.872581
0.578116
0.660908
0.79945
0.76037
0.324473
0.477884
0.767868
0.564841
0.319465
0.650406
0.678931
0.635678
0.357504
0.385482
0.385471
0.479203
0.427877
0.257722
0.25925
0.269851
0.408921
0.244424
0.377035
0.375703
0.088238
0.305182
0.7352
0.411216
0.708318
0.595016
0.623515
0.74033
0.678351
0.774574
0.71045
0.752223
0.615195
0.535646
0.660108
0.642389
0.490278
0.415507
0.5628
0.372574
0.160262
0.322138
0.297175
0.156288
0.410292
0.448436
0.297908
0.281471
0.414374
0.409383
0.374215
0.64597
0.154876
0.449575
0.534588
0.625512
0.0908692
0.481166
0.551192
0.604971
0.214059
0.826527
0.825841
0.894726
0.74221
0.225187
0.722439
0.627438
0.271408
0.314288
0.51102
0.213341
0.235767
0.0869043
0.219406
0.434684
0.0667704
0.319072
0.317509
0.0537252
0.0518769
0.177249
0.172611
0.114475
0.0451645
0.224101
0.369064
0.0615489
0.0397405
0.284565
0.368182
0.592986
0.516485
0.493476
0.707357
0.734199
0.879662
0.664402
0.1749
0.717387
0.780981
0.507003
0.114389
0.51214
0.626811
0.421614
0.30565
0.274279
