0.553078
0.800525
0.64451
0.504139
0.681433
0.357016
0.433175
0.204036
0.24564
0.414597
0.476147
0.373654
0.453035
0.257383
0.575133
0.435975
0.468556
0.651971
0.199137
0.578668
0.46465
0.227461
0.110773
0.362733
0.305483
0.481424
0.440147
0.378553
0.501585
0.395735
0.79343
0.57373
0.443866
0.571774
0.357602
0.607511
0.37817
0.543012
0.4891
0.264755
0.510194
0.616881
0.205285
0.799292
0.577477
0.758165
0.655899
0.284467
0.660136
0.466392
0.738497
0.580853
0.574027
0.475885
0.248073
0.233206
0.172786
0.127165
0.320261
0.449739
0.0835676
0.415454
0.571532
0.511321
0.394854
0.725588
0.664671
0.425928
0.647351
0.725214
0.622767
0.502516
0.585066
0.609518
0.563979
0.461373
0.354539
0.203223
0.457035
0.841818
0.503058
0.551271
0.756052
0.557466
0.39371
0.758179
0.562622
0.551126
0.466807
0.664087
0.527779
0.539237
0.255351
0.288312
0.565665
0.369407
0.386919
0.433778
0.446663
0.42975
0.401347
0.688883
0.76503
0.734619
0.857976
0.504394
0.363961
0.594998
0.673217
0.616159
0.201922
0.293651
0.424746
0.100796
0.264362
0.361128
0.325065
0.443353
0.279297
0.30891
0.439137
0.455645
0.366521
0.502118
0.579129
0.420458
0.298125
0.447877
0.541098
0.235863
0.0692498
0.44692
0.391094
0.230452
0.482336
0.391213
0.22564
0.29314
0.234343
0.678907
0.558591
0.6933
0.654745
0.60032
0.661948
0.81927
0.625821
0.591241
0.54977
0.468766
0.587364
0.354228
0.502935
0.227108
0.103134
0.118958
0.224326
0.363233
0.589946
0.516609
0.820379
0.66386
0.746676
0.446925
0.591132
0.723547
0.624071
0.675024
0.466321
0.649329
0.573504
0.461531
0.584092
0.706497
0.365122
0.729431
0.488046
0.570624
0.708098
0.487379
0.470768
0.36874
0.443175
0.307036
0.616873
0.682097
0.248901
0.649003
0.462692
0.600235
0.426481
0.437207
0.608745
0.365086
0.423369
0.591361
0.561275
0.199723
0.695474
0.689124
0.831896
0.71412
0.65337
0.425015
0.312901
0.294804
0.432146
0.721635
0.189795
0.304316
0.785316
0.700112
0.639582
0.716195
0.788118
0.717825
0.743524
0.730947
0.582949
0.822661
0.85069
0.70951
0.534924
0.547904
0.799792
0.742538
0.470423
0.656389
0.786288
0.478715
0.498195
0.252193
0.429147
0.738404
0.56816
0.19032
0.833559
0.878264
0.584454
0.376294
0.825935
0.598959
0.62451
0.761923
0.659799
0.78765
0.777146
0.694431
0.814404
0.500768
0.528298
0.78131
0.78995
0.632057
0.172014
0.576162
0.426188
0.341217
0.387335
0.637561
0.595399
0.295121
0.5608
0.728352
0.427956
0.50842
0.39674
0.667989
0.580949
0.774437
0.651157
0.609765
0.414578
0.630074
0.582099
0.539209
0.496021
0.575935
0.514007
0.473048
0.452742
0.506706
0.342111
0.473569
0.217718
0.479257
0.453107
0.122171
0.246407
0.467852
0.310609
0.195507
0.388452
0.0955515
0.180993
0.445932
0.31673
0.333741
0.373383
0.252399
0.163439
0.633759
0.438291
0.529216
0.358922
0.623634
0.471655
0.17491
0.581219
0.160372
0.544807
0.298506
0.17288
0.163641
0.320917
0.465051
0.365369
0.288868
0.418932
0.299256
0.540354
0.25215
0.272979
0.420996
0.602827
0.236827
0.49855
0.321408
0.513738
0.442827
