0.0739955
0.16032
0.216878
0.439417
0.287253
0.238492
0.273969
0.120638
0.496521
0.27949
0.155358
0.425934
0.188275
0.480404
0.302749
0.344824
0.512891
0.171989
0.445025
0.413076
0.193222
0.140896
0.297883
0.446527
0.734518
0.849927
0.852697
0.772167
0.878782
0.843683
0.900977
0.799806
0.758872
0.854528
0.5464
0.757978
0.385651
0.470296
0.41284
0.128418
0.36723
0.571649
0.133581
0.669323
0.510908
0.736159
0.648629
0.242222
0.772031
0.420645
0.761916
0.626982
0.541679
0.525092
0.290467
0.260319
0.225287
0.245576
0.824099
0.713378
0.0411696
0.649768
0.769775
0.406551
0.597655
0.768238
0.636152
0.564475
0.566066
0.766022
0.56446
0.611823
0.56278
0.524876
0.516938
0.361302
0.388373
0.0715621
0.415994
0.774786
0.413249
0.640842
0.650348
0.587739
0.501533
0.529219
0.32055
0.250981
0.146669
0.315781
0.123358
0.203442
0.108005
0.115057
0.304042
0.327027
0.234904
0.420341
0.398748
0.495059
0.271499
0.58696
0.489434
0.730962
0.685732
0.580451
0.633321
0.751749
0.629977
0.782463
0.494736
0.500032
0.650427
0.366541
0.426607
0.34068
0.550866
0.353907
0.385403
0.37805
0.514812
0.610384
0.319199
0.440999
0.568096
0.579064
0.225632
0.278721
0.411035
0.53828
0.144877
0.0321569
0.4246
0.46889
0.343012
0.580856
0.443512
0.378334
0.545552
0.434514
0.640396
0.62878
0.642466
0.774644
0.791492
0.766719
0.925828
0.716794
0.883122
0.723222
0.315391
0.433063
0.391132
0.412513
0.275773
0.211309
0.365827
0.400284
0.304011
0.34471
0.411831
0.802412
0.844844
0.722906
0.770299
0.905361
0.523952
0.779161
0.700895
0.626993
0.540645
0.653473
0.865301
0.900427
0.918033
0.87464
0.804612
0.876444
0.813212
0.911944
0.903024
0.895044
0.843406
0.794493
0.807282
0.815005
0.464479
0.64514
0.566988
0.747899
0.803203
0.773555
0.784817
0.660242
0.509274
0.654342
0.629745
0.457232
0.383597
0.602535
0.270788
0.472118
0.663847
0.396253
0.495426
0.0369666
0.233383
0.465243
0.462365
0.149941
0.463199
0.535553
0.421709
0.580848
0.437476
0.671402
0.827101
0.728872
0.604048
0.599612
0.386893
0.382267
0.52627
0.84649
0.766681
0.253383
0.395106
0.790186
0.424606
0.342439
0.571786
0.565662
0.305942
0.519637
0.622629
0.341987
0.607014
0.788574
0.701895
0.571538
0.57677
0.771136
0.499238
0.41386
0.624022
0.641545
0.440753
0.184311
0.325075
0.659406
0.438587
0.0855012
0.573196
0.684574
0.398557
0.138426
0.634117
0.203206
0.377501
0.368272
0.267442
0.40393
0.551731
0.406216
0.623102
0.477234
0.525367
0.611189
0.581517
0.526638
0.210636
0.238146
0.325089
0.427281
0.321966
0.10264
0.206101
0.0782567
0.0617127
0.151397
0.10252
0.235873
0.362529
0.329007
0.264319
0.187638
0.154754
0.270285
0.349611
0.139627
0.288943
0.416903
0.361984
0.37954
0.362758
0.500073
0.306946
0.637802
0.639473
0.493438
0.51418
0.511235
0.411322
0.358748
0.403882
0.371285
0.274147
0.141894
0.287271
0.294212
0.110653
0.32051
0.112661
0.274659
0.103815
0.075608
0.226318
0.387569
0.179088
0.119072
0.12833
0.105978
0.116496
0.285682
0.216909
0.131972
0.218414
0.498263
0.465507
0.595601
0.772193
0.521563
0.386991
0.711377
0.756999
0.561755
0.377152
0.560743
0.597459
0.517481
0.349477
0.09635
0.199593
0.124692
0.138702
0.430931
0.301618
0.13312
0.624779
0.499694
0.378507
0.409107
0.495883
0.385569
0.30816
0.216325
0.473199
0.30751
