0.777506
0.731096
0.655429
0.630352
0.544964
0.358977
0.298825
0.177754
0.427144
0.477224
0.501132
0.306376
0.360308
0.538656
0.349428
0.517744
0.569977
0.359601
0.393986
0.709427
0.543077
0.233292
0.40371
0.850614
0.38464
0.629496
0.511921
0.436579
0.452165
0.581101
0.346755
0.561755
0.392413
0.339556
0.349536
0.570306
0.537782
0.575579
0.407727
0.50796
0.606374
0.607736
0.444502
0.673585
0.610017
0.779712
0.762006
0.81924
0.790581
0.677396
0.535845
0.721823
0.641833
0.306622
0.326917
0.577034
0.26564
0.423783
0.554479
0.334448
0.42935
0.715909
0.603656
0.807263
0.701829
0.789132
0.703828
0.771307
0.817271
0.834207
0.557171
0.426473
0.766472
0.308323
0.447301
0.583494
0.379116
0.105886
0.140876
0.144419
0.314772
0.416064
0.657509
0.490416
0.641788
0.341938
0.457608
0.590741
0.459645
0.688539
0.29675
0.388483
0.361916
0.657616
0.722674
0.6938
0.787875
0.604475
0.533179
0.279037
0.706908
0.922465
0.8946
0.550902
0.708515
0.542165
0.478523
0.144103
0.54013
0.444505
0.18195
0.273387
0.331739
0.159781
0.15793
0.36485
0.604244
0.0868264
0.221885
0.448568
0.35395
0.60168
0.514223
0.504771
0.293029
0.77913
0.599637
0.840398
0.660188
0.884719
0.931941
0.890979
0.88397
0.776944
0.555649
0.438902
0.469538
0.628593
0.858893
0.70372
0.810312
0.721767
0.732655
0.511251
0.437357
0.395524
0.597417
0.316379
0.331178
0.233541
0.292717
0.0943608
0.111301
0.0345754
0.0767105
0.0466044
0.109724
0.153176
0.226395
0.565003
0.272939
0.729756
0.897595
0.952505
0.780994
0.884733
0.789582
0.25095
0.290348
0.494622
0.347394
0.194546
0.402575
0.521131
0.265659
0.21233
0.348967
0.216577
0.362193
0.636812
0.512606
0.925107
0.77274
0.914099
0.882787
0.881593
0.58082
0.606988
0.416874
0.401454
0.376285
0.131727
0.432062
0.38752
0.329139
0.197359
0.224714
0.106011
0.197952
0.30039
0.298957
0.391586
0.484804
0.268918
0.605517
0.45708
0.897933
0.753051
0.553602
0.752093
0.394724
0.600281
0.531753
0.557875
0.644124
0.454686
0.499364
0.620829
0.732981
0.318517
0.151988
0.571132
0.492933
0.0851388
0.303865
0.432936
0.195305
0.104959
0.134462
0.357263
0.231651
0.207141
0.351207
0.321082
0.402792
0.589113
0.905046
0.463109
0.612585
0.699359
0.310205
0.171794
0.138038
0.224566
0.373713
0.404577
0.643896
0.678901
0.332192
0.513411
0.359556
0.306719
0.263066
0.457451
0.283319
0.174862
0.492084
0.602973
0.208201
0.230245
0.59019
0.414131
0.143844
0.285911
0.262285
0.200018
0.369888
0.284008
0.569371
0.416729
0.770653
0.844494
0.498063
0.292092
0.549953
0.624503
0.538508
0.338836
0.500013
0.530326
0.460033
0.369828
0.446645
0.276611
0.494562
0.283976
0.0881714
0.66771
0.281009
0.161849
0.369681
0.107183
0.181072
0.501742
0.51969
0.679946
0.661836
0.7783
0.322351
0.562102
0.214671
0.217638
0.320699
0.182927
0.480408
0.632465
0.72812
0.849547
0.769763
0.226911
0.375804
0.584131
0.58409
0.363836
0.216409
0.445045
0.125879
0.1206
0.638352
0.543385
0.112908
0.470216
0.646438
0.267315
0.186937
0.518147
0.436153
0.0717927
0.24151
0.127577
0.691317
0.435854
0.497087
