0.497403
0.650077
0.649176
0.733728
0.831771
0.684596
0.601197
0.845876
0.769677
0.58352
0.632971
0.657552
0.663718
0.661235
0.550156
0.447364
0.628955
0.547834
0.658635
0.772079
0.459741
0.654696
0.743495
0.76523
0.694861
0.707897
0.778794
0.416197
0.603604
0.492421
0.622665
0.31008
0.402934
0.479827
0.274759
0.265138
0.300379
0.348851
0.316353
0.302376
0.329428
0.524574
0.649367
0.671728
0.712913
0.741699
0.812332
0.747798
0.490262
0.688645
0.523198
0.556142
0.590421
0.428364
0.453219
0.326935
0.424944
0.604807
0.535559
0.714967
0.613738
0.771128
0.418898
0.678374
0.771717
0.412383
0.534117
0.713259
0.846444
0.539414
0.496163
0.746682
0.440558
0.554991
0.516205
0.567221
0.334296
0.309963
0.339187
0.506928
0.130435
0.153332
0.436616
0.699893
0.273109
0.265412
0.0757887
0.159961
0.386393
0.108584
0.419655
0.475305
0.311392
0.637629
0.484309
0.346151
0.510785
0.41698
0.489552
0.666695
0.459984
0.229028
0.541735
0.424997
0.179266
0.325342
0.434874
0.581291
0.89449
0.791699
0.487926
0.490789
0.786389
0.380795
0.631661
0.799212
0.651814
0.786754
0.741006
0.56793
0.484338
0.60509
0.673739
0.461784
0.356874
0.602612
0.784778
0.748516
0.838681
0.677117
0.58719
0.560296
0.477779
0.499908
0.533996
0.216319
0.233149
0.380519
0.182716
0.347709
0.397235
0.181024
0.294915
0.130249
0.133228
0.327725
0.497186
0.105488
0.488399
0.642212
0.587214
0.170529
0.153338
0.499686
0.140714
0.236418
0.296787
0.264268
0.202492
0.282075
0.411599
0.788542
0.616374
0.815946
0.399824
0.489547
0.382297
0.343836
0.519282
0.315172
0.461489
0.625396
0.761132
0.54256
0.885833
0.913961
0.853965
0.808828
0.723429
0.686332
0.645026
0.829214
0.890646
0.498014
0.550596
0.905991
0.702791
0.674184
0.880452
0.54813
0.348842
0.627804
0.68606
0.513941
0.455318
0.437363
0.452298
0.513036
0.324398
0.661121
0.598362
0.613534
0.770221
0.725559
0.24461
0.379533
0.677461
0.547133
0.395883
0.643823
0.721423
0.547376
0.625031
0.54303
0.420317
0.324916
0.443689
0.31834
0.486384
0.342779
0.196415
0.151349
0.191257
0.315446
0.254009
0.11363
0.479823
0.477802
0.290319
0.452216
0.682473
0.521231
0.144673
0.498488
0.651327
0.387131
0.410683
0.703923
0.617272
0.449406
0.565177
0.744007
0.724604
0.524546
0.556073
0.316029
0.457831
0.69061
0.335759
0.440997
0.776865
0.716879
0.401324
0.679913
0.612884
0.574501
0.174053
0.562943
0.690416
0.658204
0.4248
0.504307
0.408689
0.413826
0.454965
0.182109
0.292313
0.157106
0.129888
0.411016
0.115576
0.374527
0.30679
0.649298
0.445927
0.663802
0.414207
0.654089
0.652815
0.390268
0.172659
0.543746
0.497254
0.187853
0.200544
0.0535581
0.384907
0.394463
0.641958
0.40679
0.368717
0.635735
0.614917
0.428419
0.650988
0.628114
0.556882
0.499006
0.566242
0.709933
0.560815
0.395517
0.597759
0.549285
0.287232
0.266002
0.482981
0.140608
0.0672613
0.230663
0.250886
0.328149
0.332549
0.564618
0.488785
0.0397246
0.2739
0.49255
0.267454
0.247937
0.415338
0.584603
0.543288
0.281845
0.54302
0.290977
0.492192
0.561696
0.478358
0.494041
0.373677
0.544454
0.608517
0.631918
0.478303
0.71371
0.515529
0.273111
0.475716
0.588524
0.24798
0.260936
0.626498
0.468924
0.232656
0.292825
0.379088
0.105095
0.240586
0.398823
0.277015
0.305564
0.476757
0.430873
0.746904
0.486608
0.470873
0.696252
0.702807
0.619635
0.639936
0.778556
0.743083
0.860246
0.635161
0.654564
0.767362
0.628668
0.880767
0.784895
0.894382
0.695143
0.861281
0.875288
0.764023
0.51606
0.732376
0.575655
0.708995
0.864425
0.764501
0.732649
0.418482
0.284691
0.38977
0.128342
0.41095
0.195915
0.452466
0.179473
0.354149
0.102749
0.263268
0.396636
0.308257
0.0811588
0.102567
0.302852
0.158475
0.504027
0.557488
0.153241
0.239394
0.63436
0.555731
0.347415
0.535452
0.680754
0.586456
0.688384
0.693737
0.673828
0.729264
0.659879
0.768556
0.503428
0.435427
0.488039
0.495253
0.44522
0.417156
0.207822
0.117173
0.22394
0.589701
0.236872
0.169462
0.34257
0.592221
0.256908
0.153907
0.357998
0.223949
0.125038
0.216231
0.344804
0.0889946
0.150515
0.343513
0.414883
0.380529
0.0672695
0.312854
0.0906309
0.124183
