0.78613
0.444614
0.42789
0.275956
0.379819
0.523487
0.524215
0.495399
0.880609
0.775853
0.459182
0.509213
0.792348
0.432784
0.317847
0.738545
0.488712
0.271555
0.491359
0.386313
0.282605
0.250182
0.47035
0.41766
0.323152
0.335258
0.407236
0.438366
0.151152
0.1602
0.116778
0.273962
0.192725
0.0887427
0.0593156
0.0270512
0.0906102
0.0348477
0.135045
0.0352414
0.132376
0.210539
0.0694266
0.359826
0.377486
0.336038
0.188625
0.444894
0.525992
0.427839
0.543136
0.737722
0.689617
0.588788
0.498567
0.465434
0.335569
0.331257
0.3329
0.23055
0.301533
0.206623
0.368801
0.231338
0.203191
0.17822
0.288543
0.0838965
0.0430611
0.0306246
0.0460653
0.288044
0.214047
0.169849
0.397699
0.234107
0.182745
0.381389
0.532395
0.204437
0.44818
0.557017
0.647571
0.408148
0.62794
0.707801
0.295212
0.535098
0.504456
0.956625
0.946557
0.956244
0.932326
0.975626
0.901302
0.835463
0.401746
0.804572
0.781783
0.227982
0.210332
0.2304
0.813935
0.638529
0.199731
0.632528
0.946116
0.102372
0.618672
0.859993
0.846284
0.384951
0.463118
0.599584
0.65672
0.251898
0.378295
0.479449
0.340923
0.684196
0.663881
0.861242
0.393187
0.196415
0.0694049
0.951733
0.315392
0.511101
0.464451
0.448788
0.470148
0.724227
0.668695
0.659397
0.271523
0.595696
0.264137
0.519641
0.303095
0.124367
0.654672
0.48099
0.361601
0.413078
0.656961
0.480636
0.298478
0.34418
0.436814
0.377983
0.271828
0.27811
0.281433
0.347024
0.265852
0.176941
0.347231
0.337335
0.397977
0.672002
0.518388
0.220167
0.0986839
0.669856
0.750222
0.964568
0.97809
0.96743
0.959248
0.875451
0.916314
0.92078
0.859051
0.749762
0.5071
0.679267
0.511681
0.530886
0.267279
0.111425
0.202479
0.127729
0.241358
0.118874
0.122966
0.156596
0.184965
0.228993
0.0760755
0.247569
0.323426
0.575634
0.584541
0.243621
0.462044
0.488978
0.171298
0.647729
0.740723
0.892596
0.602815
0.655738
0.462563
0.336133
0.504437
0.472387
0.30721
0.545804
0.649825
0.609301
0.813038
0.892207
0.613061
0.562763
0.652403
0.30473
0.706239
0.416312
0.534382
0.657075
0.573683
0.535781
0.627372
0.579969
0.594194
0.727288
0.676083
0.417487
0.437496
0.37753
0.463263
0.730207
0.628621
0.360813
0.599219
0.723836
0.397999
0.783498
0.637925
0.682092
0.657381
0.735218
0.220623
0.441173
0.796069
0.312659
0.506769
0.147829
0.4729
0.772313
0.913649
0.895788
0.899158
0.902643
0.881167
0.490761
0.725999
0.648376
0.382928
0.317423
0.583241
0.688223
0.62558
0.215457
0.514923
0.685996
0.0654901
0.348261
0.386858
0.336355
0.463983
0.228824
0.699138
0.558368
0.932359
0.886493
0.831656
0.577137
0.68759
0.639527
0.640516
0.55838
0.402147
0.281827
0.298924
0.507507
0.362698
0.569609
0.479267
0.243052
0.69529
0.680432
0.21985
0.32304
0.818332
0.766812
0.229957
0.308988
0.701827
0.879839
0.755803
0.716216
0.300938
0.652884
0.386303
0.541458
0.523169
0.467099
0.464571
0.527467
0.327082
0.141924
0.487972
0.546207
0.737567
0.352555
0.426143
0.343448
0.37557
0.53423
0.476081
0.433158
0.477783
0.695478
0.790865
0.952751
0.950581
0.914222
0.783441
0.674981
0.651548
0.619421
0.49671
0.275795
0.315238
0.397546
0.120861
0.180594
0.469801
0.285575
0.13514
0.751112
0.803722
0.464461
0.578487
0.44396
0.416145
0.885777
0.896541
0.758371
0.68737
0.634229
0.697938
0.611284
0.454529
0.222553
0.55795
0.571233
0.135353
0.440934
0.735409
0.418162
0.354736
0.672799
0.625533
0.834611
0.574177
0.759085
0.643255
0.286795
0.688498
0.664312
0.588754
0.736583
0.658919
0.214831
0.958485
0.941724
0.725821
0.644118
0.770234
0.820159
0.657298
0.267203
0.645781
0.567964
0.565153
0.473149
0.527159
0.42469
0.599932
0.678024
0.657991
0.813895
0.642787
0.685672
0.680499
0.599822
0.704531
0.577974
0.635086
0.591698
0.621231
0.36921
0.502354
0.619604
0.545991
0.428986
0.59187
0.64116
0.357365
0.328856
0.526296
0.385022
0.234628
0.217427
0.471866
0.189419
0.148314
0.18678
0.166095
0.062557
0.0886658
0.0529425
0.123201
0.0827037
0.201263
0.480798
0.393561
0.647538
0.528725
0.441039
0.376526
0.215644
0.396082
0.505718
0.255612
0.37616
0.614868
0.341893
0.587285
0.668695
0.6886
0.752924
0.652379
0.615018
0.4365
0.551484
0.559922
0.582411
0.467458
0.519338
0.592049
0.441057
0.537366
0.548575
0.583683
0.413422
0.374987
0.433316
0.537896
0.474296
0.178426
0.403506
0.527241
0.274777
0.293877
0.344257
0.459728
0.314509
0.57091
0.509066
0.620941
0.646712
0.695899
0.510804
0.5367
0.698219
0.590809
0.174831
0.304523
0.533115
0.50143
0.224123
0.214592
0.424162
0.356908
0.460475
0.537536
0.486191
0.403535
0.508124
0.519166
0.363592
0.349702
0.468612
0.398576
0.337412
0.202363
0.264735
0.120671
