0.11821
0.208446
0.562806
0.158017
0.477647
0.124021
0.0852957
0.327535
0.435715
0.0474357
0.0522604
0.0587533
0.351563
0.105593
0.019941
0.0913103
0.226833
0.0400922
0.0979875
0.354674
0.0531985
0.469753
0.0472719
0.100738
0.137013
0.476901
0.675125
0.490758
0.732893
0.769003
0.350038
0.394236
0.263647
0.595164
0.785247
0.13753
0.937089
0.783993
0.880015
0.656212
0.0495203
0.293562
0.722962
0.318451
0.21161
0.125322
0.188182
0.390819
0.405074
0.187805
0.223077
0.534582
0.511766
0.142125
0.600526
0.463603
0.664217
0.63772
0.334397
0.868169
0.772181
0.934253
0.742719
0.842492
0.872097
0.764906
0.628664
0.627551
0.363781
0.671278
0.691443
0.453119
0.351801
0.588493
0.532939
0.429562
0.160053
0.464372
0.494674
0.0684224
0.113312
0.320086
0.201458
0.0846458
0.373722
0.314726
0.0842122
0.161625
0.417248
0.580417
0.671005
0.562521
0.741732
0.666089
0.585377
0.692318
0.617248
0.63105
0.67506
0.845513
0.480645
0.890418
0.602165
0.754573
0.779962
0.725172
0.687831
0.410488
0.343653
0.552643
0.399204
0.346052
0.221644
0.1899
0.329884
0.143639
0.316812
0.261628
0.300295
0.24031
0.423618
0.360096
0.409487
0.0711835
0.142632
0.106986
0.260184
0.260596
0.416169
0.180965
0.304887
0.119618
0.0788093
0.044739
0.237544
0.156758
0.21317
0.196182
0.0942836
0.222231
0.242849
0.0948885
0.118972
0.304952
0.362119
0.588531
0.329449
0.751998
0.361302
0.332125
0.577222
0.186467
0.322
0.497744
0.562289
0.494753
0.144417
0.0789423
0.448147
0.52906
0.646024
0.550161
0.332601
0.453786
0.639981
0.592312
0.593504
0.368288
0.309453
0.293804
0.216461
0.299883
0.075157
0.0634998
0.427734
0.0711694
0.068095
0.112896
0.221811
0.304939
0.144243
0.0903808
0.0733704
0.280972
0.139986
0.415175
0.118467
0.309982
0.253459
0.350821
0.283545
0.473131
0.722482
0.525227
0.556596
0.479349
0.763814
0.665805
0.75872
0.587555
0.611662
0.617756
0.77714
0.604426
0.810988
0.573458
0.593853
0.479843
0.648406
0.424754
0.667012
0.42017
0.350278
0.444712
0.437188
0.349926
0.387728
0.485034
0.481775
0.359624
0.386156
0.512368
0.556166
0.515059
0.746168
0.697332
0.432478
0.848159
0.452832
0.777942
0.837195
0.489261
0.787114
0.566993
0.181903
0.296953
0.302736
0.281118
0.172064
0.282673
0.4032
0.329443
0.102757
0.325048
0.310658
0.135926
0.104656
0.241479
0.230365
0.378094
0.73121
0.702356
0.814728
0.479629
0.743312
0.179386
0.909185
0.466491
0.846402
0.780165
0.632251
0.593994
0.196435
0.419439
0.462392
0.329683
0.446915
0.291179
0.0970167
0.139475
0.54791
0.377123
0.155281
0.270578
0.558699
0.449068
0.395857
0.716149
0.508394
0.840923
0.804191
0.841788
0.694535
0.584721
0.504215
0.594368
0.473023
0.648136
0.433138
0.609389
0.440565
0.509218
0.622888
0.720484
0.630363
0.443094
0.463979
0.714572
0.52948
0.423819
0.482316
0.613367
0.534244
0.301248
0.745977
0.716956
0.738993
0.763106
0.75744
0.727662
0.318823
0.519851
0.298058
0.696875
0.941503
0.862076
0.458049
0.389491
0.506333
0.22715
0.300641
0.219934
0.0632972
0.125212
0.235516
0.590261
0.401319
0.173005
0.451178
0.281413
0.214017
0.531541
0.468083
0.273241
0.26611
0.432202
0.555546
0.277968
0.420237
0.522187
0.564573
0.655556
0.150766
0.244737
0.264251
0.414386
0.617859
0.507452
0.925848
0.695403
0.0795521
0.112723
0.553706
0.469723
0.0472533
0.073518
0.343894
0.266216
0.325556
0.310687
0.186445
0.309621
0.315519
0.41184
0.311988
0.49595
0.441905
0.522843
0.210817
0.59651
0.400113
0.419392
0.249766
0.385415
0.237967
0.403554
0.335375
0.347244
0.485124
0.352389
0.515417
0.618702
0.408831
0.4758
0.822203
0.825228
0.574278
0.790012
0.883355
0.882535
0.846922
0.881143
0.659359
0.824444
0.690765
0.865767
0.887681
0.823962
0.572947
0.579962
0.601761
0.485826
0.421917
0.493615
0.443487
0.427491
0.551801
0.567204
0.40432
0.332828
0.599117
0.46479
0.766501
0.639562
0.595369
0.546157
0.644519
0.821675
0.65373
0.830245
0.658849
0.592037
0.768072
0.809847
0.455184
0.653903
0.69684
0.585974
0.398529
0.721791
0.67823
0.525588
0.583097
0.66164
0.756097
0.840921
0.516127
0.705249
0.244037
0.609318
0.766652
0.770633
0.743573
0.560864
0.65794
0.732728
0.521476
0.721324
0.717576
0.726932
0.549787
0.792549
0.780382
0.674362
0.528482
0.626367
0.722206
0.435778
0.585537
0.581966
0.6134
0.598701
0.521041
0.629151
0.771177
0.449401
0.570402
0.43347
0.882821
0.711805
0.399082
0.463952
0.847261
0.401522
0.511768
0.549551
0.583439
0.312752
0.476971
0.307877
0.327766
0.32381
0.574119
0.685188
0.433827
0.295316
0.771967
0.45844
0.827329
0.754394
0.471604
0.236672
0.0518385
0.362952
0.237937
0.492879
0.462284
0.693313
0.656868
0.89056
0.824179
0.797844
0.769912
0.820341
0.584644
0.591443
0.614659
0.832617
0.811872
0.669577
0.688059
0.668855
0.66531
0.3378
0.349934
0.0697899
0.38846
0.0884258
