0.42452
0.583789
0.649327
0.316351
0.406899
0.530912
0.699498
0.652526
0.719059
0.523076
0.669707
0.778687
0.563718
0.411988
0.558774
0.623057
0.525177
0.334528
0.584028
0.480881
0.326218
0.382474
0.389195
0.251991
0.372857
0.390893
0.538935
0.541211
0.283361
0.111717
0.325308
0.418334
0.280629
0.657768
0.574008
0.427705
0.454137
0.211107
0.202351
0.17706
0.230243
0.219721
0.383541
0.429474
0.455125
0.74699
0.674231
0.71866
0.75368
0.733229
0.901872
0.602454
0.5414
0.286022
0.553903
0.591025
0.0802354
0.0689129
0.191829
0.254367
0.274725
0.366436
0.237737
0.452709
0.138563
0.697942
0.787912
0.757575
0.609959
0.719897
0.803313
0.434969
0.519916
0.590167
0.66133
0.332923
0.290052
0.114475
0.155072
0.351196
0.444814
0.342492
0.488086
0.434788
0.754586
0.52721
0.744088
0.778952
0.570045
0.668062
0.704191
0.934114
0.791935
0.87241
0.454519
0.300403
0.303183
0.258396
0.159323
0.430365
0.365755
0.672434
0.640063
0.788445
0.448158
0.315969
0.709617
0.336411
0.105507
0.503359
0.511682
0.598881
0.611126
0.843604
0.869788
0.842299
0.526218
0.411134
0.698451
0.47525
0.297628
0.484841
0.458788
0.657662
0.107459
0.351342
0.576874
0.0545054
0.463438
0.150059
0.226834
0.247602
0.412139
0.570575
0.688852
0.840373
0.712446
0.869178
0.842426
0.817961
0.654785
0.741078
0.596332
0.250616
0.271268
0.600619
0.0972472
0.533205
0.40994
0.241714
0.417364
0.738243
0.563998
0.865418
0.888406
0.674755
0.674819
0.609665
0.539007
0.365195
0.759666
0.555652
0.179221
0.366834
0.587234
0.0920983
0.378333
0.576679
0.746303
0.848992
0.725617
0.73353
0.788324
0.792064
0.729648
0.556688
0.688448
0.480887
0.576206
0.263122
0.534382
0.257592
0.274131
0.253639
0.0450401
0.0722495
0.274619
0.43676
0.116807
0.222752
0.347904
0.286066
0.33841
0.343273
0.354901
0.463618
0.475866
0.203837
0.460726
0.598529
0.340912
0.352171
0.527594
0.662176
0.438093
0.487169
0.488529
0.264889
0.573145
0.43956
0.314219
0.336832
0.390584
0.144664
0.225656
0.336672
0.326423
0.41844
0.497458
0.290377
0.421884
0.531347
0.582745
0.394999
0.504712
0.750058
0.452189
0.1792
0.3098
0.328695
0.385799
0.277466
0.222278
0.492421
0.32047
0.268172
0.176777
0.123186
0.531066
0.324619
0.449858
0.295315
0.368764
0.252325
0.529464
0.655326
0.726726
0.430493
0.440182
0.351472
0.405396
0.162125
0.181702
0.480887
0.312664
0.0683842
0.229602
0.460259
0.128202
0.0802515
0.22962
0.0579892
0.307959
0.453764
0.374683
0.446344
0.349266
0.286007
0.266978
0.222124
0.427829
0.384146
0.693325
0.725087
0.66577
0.656092
