0.534463
0.403711
0.621307
0.699037
0.401291
0.512103
0.787364
0.667539
0.396132
0.4904
0.830814
0.778821
0.666064
0.764946
0.628255
0.518342
0.503888
0.263243
0.198036
0.0655364
0.12091
0.0260068
0.0522052
0.0722685
0.184959
0.254532
0.541979
0.192079
0.0602595
0.456776
0.856569
0.229676
0.100534
0.600358
0.609003
0.0425363
0.542918
0.538384
0.19834
0.389026
0.727056
0.655813
0.506256
0.591235
0.655059
0.494886
0.424599
0.690309
0.556054
0.46768
0.4341
0.688474
0.639204
0.47262
0.585781
0.360955
0.235449
0.433479
0.271609
0.458927
0.448132
0.404719
0.463333
0.570318
0.545498
0.43781
0.599734
0.504708
0.602775
0.392922
0.626442
0.700342
0.183892
0.70431
0.640642
0.72193
0.624454
0.775458
0.622559
0.074931
0.754849
0.718967
0.25561
0.210998
0.387844
0.281784
0.191112
0.0700985
0.369359
0.367139
0.639049
0.610519
0.530549
0.746466
0.640005
0.501157
0.0948449
0.354657
0.290523
0.659741
0.506901
0.304668
0.351488
0.386831
0.445298
0.219751
0.356799
0.753
0.619108
0.7244
0.505626
0.42089
0.671833
0.495039
0.410492
0.428807
0.583674
0.344285
0.32202
0.501175
0.153625
0.154635
0.309643
0.506226
0.145077
0.207109
0.346894
0.285974
0.579829
0.597842
0.741537
0.676536
0.555008
0.741752
0.875364
0.652553
0.436311
0.746785
0.552209
0.37026
0.527462
0.47327
0.39976
0.635518
0.762896
0.667936
0.475884
0.481778
0.304404
0.418036
0.435169
0.360192
0.202687
0.3562
0.117568
0.226783
0.502224
0.356915
0.0966767
0.43487
0.400077
0.396071
0.297737
0.607994
0.416266
0.380881
0.48733
0.458885
0.0848746
0.432472
0.506893
0.269026
0.140935
0.373034
0.54793
0.516293
0.269307
0.100723
0.168012
0.104844
0.230492
0.149939
0.410039
0.336735
0.396016
0.44908
0.62541
0.297047
0.415079
0.589668
0.483585
0.466309
0.544053
0.414297
0.407666
0.568757
0.504298
0.425708
0.557494
0.622043
0.640993
0.501515
0.840743
0.692907
0.459163
0.73803
0.769665
0.438092
0.250805
0.657455
0.28619
0.194466
0.346543
0.235116
0.0712252
0.0944887
0.333729
0.0802407
0.373721
0.158286
0.561055
0.367586
0.164797
0.565989
0.672914
0.146814
0.270796
0.5702
0.584016
0.177828
0.367864
0.497977
0.606743
0.183765
0.273701
0.407337
0.407861
0.0537067
0.0936649
0.158094
0.355161
0.574515
0.719388
0.629272
0.758397
0.746677
0.60514
0.367429
