0.247126
0.251742
0.483745
0.335907
0.398701
0.863966
0.766737
0.440142
0.47954
0.788154
0.437644
0.268122
0.718848
0.482141
0.29062
0.496405
0.385741
0.317513
0.247579
0.490136
0.410899
0.359634
0.335359
0.388754
0.436291
0.242202
0.159124
0.101215
0.423146
0.246863
0.208587
0.0643834
0.0479933
0.139241
0.0366547
0.163779
0.0592013
0.278055
0.302045
0.0730814
0.306727
0.370056
0.391978
0.169071
0.392291
0.511296
0.419179
0.5014
0.658836
0.675047
0.634575
0.560951
0.442528
0.34722
0.367151
0.320578
0.226662
0.256388
0.216645
0.366702
0.284314
0.266646
0.209698
0.347772
0.0821877
0.0478509
0.0264694
0.0745893
0.357105
0.25695
0.204524
0.401184
0.232149
0.175782
0.371541
0.448279
0.204817
0.479295
0.548149
0.650698
0.409129
0.557009
0.656939
0.337402
0.477516
0.491412
0.957668
0.953631
0.958193
0.923148
0.974315
0.893385
0.819254
0.340221
0.775975
0.778709
0.280596
0.225914
0.198761
0.823368
0.681991
0.317004
0.648805
0.948853
0.0898437
0.614893
0.87708
0.893367
0.322043
0.401298
0.653575
0.638055
0.223466
0.382829
0.491747
0.38799
0.663574
0.645891
0.851536
0.389943
0.180787
0.0693756
0.928567
0.215482
0.543537
0.414135
0.442747
0.452288
0.677672
0.572911
0.617827
0.220249
0.514672
0.181913
0.485886
0.255712
0.103666
0.608221
0.477597
0.331024
0.376576
0.658847
0.476969
0.352408
0.348275
0.438024
0.408532
0.238448
0.247329
0.319744
0.331711
0.21193
0.206775
0.312644
0.378617
0.445637
0.65749
0.47523
0.308787
0.0853677
0.701918
0.735469
0.959995
0.978747
0.964909
0.955312
0.858822
0.910809
0.908653
0.911588
0.739949
0.507089
0.637434
0.484684
0.522228
0.271374
0.0905195
0.168874
0.124163
0.317337
0.112269
0.104061
0.16308
0.225476
0.22717
0.0736097
0.262631
0.324099
0.57123
0.563389
0.235367
0.488871
0.502195
0.243944
0.702473
0.775659
0.89203
0.626931
0.640471
0.452281
0.290696
0.458933
0.471338
0.291062
0.549601
0.671807
0.661303
0.823707
0.882845
0.647036
0.577221
0.671292
0.305259
0.731541
0.376131
0.613719
0.669868
0.565456
0.536111
0.648235
0.56091
0.575747
0.717111
0.670243
0.44894
0.45593
0.413873
0.571119
0.736163
0.618554
0.42158
0.614918
0.712276
0.447495
0.783933
0.622819
0.680763
0.641142
0.747805
0.234066
0.44395
0.787709
0.305703
0.49455
0.175139
0.426127
0.717356
0.910022
0.888928
0.895444
0.90793
0.884822
0.524296
0.755241
0.70887
0.368054
0.331493
0.596278
0.704526
0.612578
0.224971
0.529585
0.658131
0.0612779
0.34615
0.368737
0.348647
0.469819
0.224537
0.685829
0.59573
0.923851
0.855645
0.753481
0.522124
0.618701
0.624174
0.685378
0.582595
0.427158
0.284529
0.294422
0.53679
0.408947
0.575816
0.556736
0.273645
0.672708
0.700922
0.243904
0.260957
0.772024
0.748474
0.222146
0.273292
0.600369
0.862148
0.731424
0.700639
0.355684
0.637155
0.400213
0.557555
0.572666
0.478041
0.450819
0.564485
0.335042
0.24771
0.474384
0.541815
0.681152
0.430261
0.44688
0.360819
0.410275
0.486353
0.466525
0.363834
0.469152
0.654069
0.790904
0.943513
0.942704
0.907051
0.712289
0.601603
0.620501
0.468765
0.478566
0.226999
0.237847
0.422505
0.166105
0.283377
0.394892
0.350538
0.160879
0.761037
0.765139
0.46977
0.556199
0.420242
0.404306
0.889108
0.892263
0.684184
0.597614
0.530493
0.553955
0.617056
0.417535
0.248487
0.501057
0.59271
0.138571
0.401596
0.739298
0.419233
0.379202
0.66634
0.673164
0.830073
0.537176
0.719747
0.60707
0.270012
0.676593
0.663681
0.607537
0.748215
0.567838
0.115735
0.95816
0.948863
0.660933
0.646625
0.780604
0.797007
0.603137
0.280153
0.651021
0.540497
0.567603
0.446357
0.500465
0.41465
0.584663
0.671637
0.65724
0.80707
0.657349
0.65391
0.6815
0.604516
0.695848
0.561907
0.636439
0.600071
0.607276
0.355386
0.49904
0.603738
0.539891
0.427905
0.603537
0.656252
0.367885
0.364682
0.530048
0.404946
0.239823
0.222765
0.470654
0.184496
0.144043
0.181406
0.176164
0.063705
0.0879276
0.0540019
0.132864
0.0771653
0.207654
0.50011
0.403928
0.646989
0.545932
0.445335
0.364413
0.220715
0.411462
0.51782
0.243263
0.37928
0.616438
0.289765
0.588823
0.684166
0.702227
0.742302
0.618742
0.627798
0.455446
0.556169
0.568882
0.621141
0.495325
0.497316
0.585938
0.448877
0.550941
0.54205
0.540026
0.432634
0.365423
0.431733
0.544023
0.444005
0.181993
0.392619
0.552945
0.342118
0.28739
0.368126
0.505016
0.337485
0.56131
0.511095
0.613188
0.639794
0.723061
0.545375
0.509997
0.727956
0.614768
0.174929
0.262267
0.497431
0.495509
0.230901
0.130946
0.423715
0.377108
0.436638
0.466469
0.441041
0.385454
0.401836
0.423646
0.367122
0.255269
0.300684
0.188225
0.424051
