0.243592
0.355039
0.488743
0.279232
0.325221
0.516947
0.473223
0.423143
0.307115
0.677509
0.344322
0.406516
0.566498
0.690893
0.534546
0.508504
0.514762
0.661632
0.483009
0.394202
0.439095
0.444886
0.632238
0.189426
0.436956
0.64726
0.600686
0.7986
0.819568
0.592918
0.66403
0.739253
0.510795
0.431823
0.619895
0.600116
0.405638
0.563131
0.522399
0.340378
0.246904
0.527375
0.336112
0.101034
0.505634
0.202708
0.216517
0.0667905
0.10722
0.256655
0.0807517
0.0487497
0.130913
0.0900803
0.203646
0.281309
0.556718
0.369514
0.213686
0.657053
0.492
0.671802
0.767309
0.6334
0.705953
0.654499
0.502854
0.352691
0.387446
0.586453
0.415863
0.258972
0.549817
0.469467
0.14375
0.510723
0.344003
0.284756
0.665266
0.818509
0.175785
0.433873
0.35301
0.0806388
0.0700687
0.109101
0.171879
0.0647343
0.220847
0.351804
0.432242
0.470773
0.197911
0.397738
0.632252
0.498325
0.14362
0.568397
0.736788
0.49304
0.370588
0.712597
0.561273
0.797796
0.8689
0.825064
0.817079
0.919873
0.856039
0.940268
0.929281
0.904574
0.946536
0.863714
0.803375
0.809937
0.502019
0.75562
0.79748
0.412991
0.417207
0.578927
0.599924
0.297458
0.203074
0.310597
0.437057
0.514696
0.522244
0.676475
0.663595
0.616207
0.697023
0.850586
0.596352
0.634816
0.894183
0.883493
0.187473
0.76368
0.931373
0.792074
0.713029
0.816611
0.742403
0.831299
0.541967
0.815666
0.833787
0.739187
0.675627
0.709546
0.730837
0.416011
0.633342
0.511129
0.580736
0.440742
0.189542
0.183481
0.427701
0.160819
0.0901047
0.0712167
0.301954
0.113276
0.0939367
0.0480267
0.122416
0.353121
0.588393
0.258586
0.129822
0.555832
0.698037
0.352138
0.39702
0.701525
0.619266
0.369497
0.690696
0.721749
0.608833
0.582434
0.720416
0.81239
0.643477
0.76867
0.640586
0.711911
0.810503
0.705074
0.764774
0.731833
0.733423
0.506094
0.710011
0.628606
0.549434
0.70004
0.708637
0.709403
0.312137
0.451141
0.520834
0.664789
0.690047
0.456789
0.550694
0.768377
0.553719
0.270955
0.479272
0.750061
0.777331
0.279658
0.561323
0.789984
0.663406
0.576212
0.728424
0.451801
0.54904
0.596525
0.375684
0.403502
0.485062
0.443648
0.447203
0.674705
0.570922
0.32712
0.190957
0.710602
0.369564
0.226066
0.235014
0.438181
0.343081
0.154122
0.406987
0.647944
0.628982
0.626595
0.419781
0.644347
0.632807
0.3233
0.0391389
0.602868
0.346269
0.150851
0.643417
0.544345
0.224107
0.514146
0.467199
0.406134
0.422693
0.413406
0.176919
0.0875385
0.178258
0.228499
0.18545
0.225893
0.490893
0.652646
0.478866
0.739368
0.615698
0.242783
0.27149
0.307531
0.14995
0.100125
0.461218
0.431534
0.688405
0.752475
0.517467
0.372202
0.643018
0.778481
0.420726
0.624386
0.789086
0.754289
0.637567
0.674991
0.796525
0.529799
0.54612
0.764854
0.751883
0.55567
0.579821
0.850763
0.787322
0.782458
0.881739
0.745645
0.716917
0.613013
0.689188
0.523043
0.396937
0.456437
0.385754
0.192575
0.439329
0.165053
0.206768
0.222684
0.437168
0.107422
0.0929223
0.250406
0.509149
0.593026
0.414415
0.418438
0.534027
0.268349
0.365317
0.572229
0.64778
0.533092
0.65262
0.789761
0.483124
0.618384
0.797166
0.556286
0.709745
0.532124
0.743715
0.731415
0.851308
0.875463
0.768361
0.696338
0.752949
0.626061
0.573542
0.200038
0.616815
0.417076
0.438233
0.240051
0.183883
0.140288
0.274018
0.0720078
0.0792909
0.0516914
0.0778795
0.0356658
0.0533319
0.0276684
0.0536113
0.117587
0.330916
0.151314
0.0809459
0.42362
0.375805
0.329475
0.458006
0.746447
0.225851
0.283069
0.5885
0.353978
0.253166
0.582553
0.48083
0.250443
0.541291
0.677434
0.391601
0.30904
0.75265
0.489865
0.333171
0.516973
0.686988
0.362101
0.314669
0.64742
0.51128
0.24544
0.397786
0.670767
0.21707
0.442486
0.802382
0.787706
0.626407
0.433566
0.697517
0.772771
0.64482
0.303253
0.696732
0.832729
0.83012
0.203241
0.850077
0.889491
0.773129
0.702615
0.722171
0.558366
0.463866
0.608752
0.667335
0.609699
0.416771
0.636676
0.735068
0.643408
0.238936
0.780124
0.714066
0.501758
0.162258
0.437851
0.553582
0.0814362
0.237626
0.593277
0.322953
0.104666
0.200824
0.243656
0.185519
0.186637
0.43284
0.716788
0.250727
0.430744
0.757656
0.640792
0.217556
0.604502
0.761897
0.860384
0.50458
0.677366
0.832786
0.769653
0.478145
0.602464
0.809315
0.501701
0.256414
0.711784
0.843067
0.43118
0.420555
0.693513
0.415736
0.345045
0.479158
0.765136
0.485615
0.760141
0.668567
0.171559
0.28365
0.228468
0.390432
0.450241
0.187599
0.423909
0.702815
0.789
0.492234
0.367644
0.705485
0.778432
0.406069
0.801586
0.848714
0.744981
0.864311
0.779334
0.863419
0.776803
0.768797
0.674785
0.827819
0.736945
0.765595
0.80362
0.672845
0.869191
0.868619
0.73969
0.732216
0.816851
0.726411
0.709842
0.766144
0.72435
0.590677
0.597328
0.714899
0.4664
0.572632
0.869849
0.756997
0.594573
0.699896
0.770452
0.69606
0.727554
0.792931
0.789467
0.578186
0.717919
0.654922
0.457464
0.661032
0.536637
0.583908
0.664408
0.532735
0.74284
0.616355
0.791062
0.791327
0.822967
0.637083
0.654075
0.739812
0.753071
0.512336
0.796259
0.817094
0.511116
0.562481
0.606097
0.468475
0.175094
0.497542
0.385532
0.246703
0.294232
0.467354
0.367289
0.250364
0.184482
0.460306
0.374677
0.206511
0.182713
0.224739
0.510483
0.427211
0.197001
0.107009
0.538519
0.43487
0.205978
0.144631
0.199903
0.480429
0.202644
0.43892
0.685255
0.180662
0.201937
0.530172
0.440286
0.0676022
0.262094
