0.779666
0.699254
0.737804
0.356775
0.584976
0.381031
0.329976
0.66205
0.58228
0.333497
0.687627
0.769321
0.490637
0.544962
0.87158
0.808264
0.69817
0.641446
0.831108
0.77778
0.585987
0.711922
0.710114
0.797525
0.354614
0.460056
0.599744
0.654861
0.413905
0.535417
0.573865
0.779173
0.702499
0.476563
0.452562
0.709171
0.27417
0.407522
0.367327
0.274075
0.227358
0.0863647
0.686366
0.645543
0.521137
0.607381
0.613546
0.581914
0.72611
0.250317
0.654491
0.300166
0.744922
0.563172
0.571354
0.733771
0.679114
0.417635
0.553277
0.760431
0.627375
0.240656
0.378629
0.454234
0.415574
0.310736
0.270473
0.543366
0.410514
0.185123
0.273679
0.696589
0.77417
0.131545
0.272793
0.0800269
0.405565
0.546167
0.656399
0.481873
0.43475
0.231909
0.386541
0.571351
0.490038
0.533294
0.283145
0.344425
0.33282
0.288343
0.107931
0.285291
0.104031
0.430212
0.191269
0.549204
0.36589
0.222882
0.415078
0.222629
0.200458
0.181605
0.459513
0.463275
0.377945
0.443399
0.307615
0.177876
0.0466033
0.0533991
0.387587
0.212724
0.080027
0.397721
0.591416
0.48967
0.350577
0.498151
0.286367
0.464784
0.456082
0.23806
0.169616
0.248938
0.0653178
0.184728
0.15753
0.151777
0.241716
0.433947
0.53413
0.117369
0.36213
0.855073
0.561923
0.700074
0.882302
0.581208
0.601855
0.510178
0.622503
0.699401
0.641424
0.612187
0.568582
0.518353
0.411289
0.431057
0.221188
0.157914
0.452448
0.355625
0.121461
0.254674
0.477179
0.618416
0.366243
0.787514
0.715852
0.788572
0.762319
0.684727
0.796351
0.356387
0.601582
0.0790839
0.686095
0.736596
0.546674
0.814586
0.759563
0.842917
0.914787
0.755001
0.452277
0.635012
0.776633
0.475908
0.393933
0.43545
0.413728
0.131568
0.371105
0.463516
0.405697
0.599091
0.824172
0.907312
0.656836
0.869892
0.616722
0.564105
0.710896
0.436473
0.501775
0.153882
0.322727
0.371099
0.218404
0.287968
0.252224
0.269933
0.510677
0.637837
0.457483
0.605273
0.383463
0.545175
0.37787
0.112505
0.328637
0.0972587
0.236277
0.651097
0.486645
0.571598
0.712844
0.681839
0.437141
0.455333
0.189332
0.326248
0.137758
0.264272
0.238099
0.352391
0.279444
0.604155
0.263839
0.313441
0.41785
0.558214
0.10433
0.538022
0.578649
0.859196
0.951252
0.500352
0.93932
0.725047
0.852575
0.749556
0.842184
0.769897
0.848519
0.876878
0.873063
0.577685
0.940189
0.887545
0.93642
0.425029
0.620425
0.427589
0.326646
0.0933699
0.0656601
0.376713
0.148382
0.0525926
0.340333
0.282521
0.291947
0.273439
0.342286
0.376987
0.149713
0.429929
0.699985
0.416555
0.389719
0.71945
0.685618
0.6437
0.825287
0.479168
0.93102
0.819658
0.94022
0.946154
0.818796
0.883982
0.68515
0.868801
0.650843
0.598819
0.320635
0.411248
0.551725
0.822763
0.791965
0.667471
0.45735
0.815532
0.801256
0.643402
0.817643
0.731478
0.825053
0.83802
0.911104
0.933356
0.465349
0.770352
0.429129
0.622999
0.546663
0.676441
0.706002
0.809647
0.862025
0.892757
0.834787
0.862707
0.776804
0.73396
0.658489
0.674654
0.309921
0.767283
0.701682
0.745981
0.767319
0.599958
0.54941
0.61037
0.485376
0.319583
0.726653
0.803555
0.422552
0.507792
0.602854
0.730482
0.345046
0.138808
0.700245
0.603621
0.523733
0.0885091
0.69448
0.496268
0.342969
0.546029
0.488751
0.727498
0.504819
0.777514
0.419621
0.548656
0.535504
0.47427
0.725563
0.895315
0.705158
0.773135
0.519575
0.258515
0.158507
0.283347
0.543741
0.645169
0.87884
0.758835
0.91606
0.8517
0.761784
0.801121
0.76253
0.802705
0.836287
0.74052
0.671237
0.837027
0.554079
0.668179
0.424535
0.554896
0.467771
0.484675
0.733205
0.730322
0.510104
0.63325
0.669035
0.715299
0.83898
0.441041
0.344259
0.660977
0.682323
0.285232
0.476209
0.56626
0.352583
0.443447
0.334536
0.730738
0.774892
0.721692
0.41923
0.375543
0.365341
0.236276
0.679778
0.378676
0.151749
0.736994
0.677155
0.262303
0.379454
0.275108
0.329843
0.617716
0.335466
0.407935
0.31305
0.599019
0.75469
0.619317
0.858316
0.72098
0.629148
0.436629
0.280082
0.133376
0.0806203
0.24116
0.40782
0.13488
0.342747
0.537561
0.582465
0.842397
0.907515
0.868437
0.880279
0.781942
0.430854
0.50975
0.422789
0.48747
0.611514
0.560319
0.887392
0.789271
0.717541
0.407902
0.422509
0.492104
0.272061
0.452807
0.186356
0.296661
0.268376
0.379866
0.433723
0.360977
0.23728
0.244884
0.387195
0.678012
0.330714
0.599069
0.554813
0.402169
0.475532
0.430477
0.316893
0.394016
0.375256
0.504248
0.567677
0.745343
0.542581
0.656905
0.459152
0.545045
0.354538
0.450417
0.499964
0.441952
0.571168
0.413796
0.350587
0.329374
0.182905
0.505145
0.268857
0.240785
0.264076
0.491928
0.867757
0.738741
0.737385
0.433531
0.82196
0.381003
0.709193
0.192732
0.432957
0.565864
0.807169
0.496067
0.146424
0.141746
0.600786
0.356725
0.128469
0.201742
0.357165
0.32601
0.315053
0.427572
0.291011
0.30418
0.612033
0.370938
0.305258
0.525538
0.286182
0.714662
0.655654
0.298084
0.81826
0.808354
0.39091
0.463669
0.787768
0.62584
0.325425
0.458802
0.199621
0.259783
0.692087
0.433742
0.346406
0.625058
0.501941
0.703759
0.715286
0.744957
0.554443
0.49708
0.663047
0.417667
0.209748
0.509488
0.400517
