0.405371
0.333555
0.664246
0.568173
0.417439
0.776627
0.706528
0.501032
0.722766
0.873435
0.838175
0.885719
0.632776
0.780389
0.910223
0.84043
0.65627
0.870271
0.818526
0.746774
0.767895
0.791327
0.335086
0.239801
0.131131
0.43258
0.129135
0.305101
0.146602
0.347585
0.586078
0.449853
0.616829
0.795631
0.751502
0.465465
0.873059
0.830208
0.612561
0.468574
0.711069
0.825085
0.550213
0.661805
0.540109
0.455738
0.309893
0.16699
0.330684
0.0535902
0.410764
0.629936
0.130603
0.115347
0.582707
0.494981
0.130432
0.5579
0.51268
0.16932
0.333573
0.0849259
0.399312
0.324396
0.0628127
0.206714
0.472888
0.228171
0.122944
0.392795
0.329156
0.142636
0.130385
0.375761
0.149006
0.328943
0.362248
0.218904
0.221363
0.505004
0.258929
0.137351
0.256784
0.495678
0.114577
0.174772
0.437383
0.222564
0.0719821
0.238198
0.191272
0.283231
0.0677175
0.0568896
0.499012
0.355063
0.0638435
0.564122
0.788602
0.515074
0.591932
0.901994
0.789618
0.869446
0.903854
0.955271
0.937263
0.941662
0.904505
0.909144
0.771742
0.488298
0.880314
0.873979
0.434136
0.604842
0.818792
0.568752
0.586854
0.793504
0.596213
0.892339
0.753501
0.853953
0.54832
0.691888
0.895081
0.63696
0.517301
0.880973
0.818676
0.398738
0.852499
0.552396
0.357948
0.14107
0.435639
0.598751
0.244248
0.430834
0.506776
0.469188
0.401705
0.555767
0.577543
0.43588
0.50083
0.627677
0.587314
0.58198
0.602099
0.415206
0.22225
0.428326
0.472597
0.15257
0.365013
0.467418
0.196699
0.176785
0.33837
0.118358
0.444634
0.376346
0.506646
0.525537
0.265292
0.419612
0.622649
0.367307
0.41546
0.572624
0.331195
0.565842
0.451832
0.684969
0.828506
0.786824
0.862246
0.752438
0.590479
0.289097
0.381401
0.498799
0.217259
0.279142
0.348568
0.381648
0.0930714
0.328252
0.105376
0.291944
0.0994717
0.086058
0.123682
0.0993942
0.228312
0.360317
0.221251
0.38764
0.358986
0.257254
0.26225
0.413006
0.362063
0.324272
0.198297
0.42338
0.6131
0.27056
0.339006
0.549008
0.566187
0.302749
0.625855
0.582304
0.432074
0.459124
0.764292
0.444084
0.383365
0.483943
0.336117
0.355202
0.338591
0.572712
0.12223
0.220627
0.295239
0.488678
0.160838
0.260557
0.568856
0.710924
0.87495
0.849543
0.875515
0.71413
0.820186
0.46534
0.827431
0.372957
0.175363
0.870397
0.856524
0.449814
0.659826
0.879557
0.70989
0.683889
0.919213
0.874782
0.849694
0.770662
0.626135
0.357161
0.488736
0.538348
0.25851
0.23378
0.508228
0.110391
0.0305558
0.267782
0.0603253
0.0301095
