0.717295
0.233053
0.312891
0.43386
0.354766
0.762092
0.559035
0.396088
0.721994
0.820444
0.347218
0.34785
0.815509
0.755169
0.41466
0.521328
0.754088
0.520343
0.757114
0.624782
0.518795
0.609971
0.872458
0.697922
0.463463
0.676037
0.79777
0.492354
0.359216
0.632029
0.773737
0.599912
0.433335
0.706025
0.839919
0.66055
0.637808
0.787629
0.793177
0.71412
0.767133
0.843408
0.848993
0.778403
0.641293
0.808254
0.617578
0.46779
0.821869
0.695242
0.227173
0.348305
0.13457
0.0477602
0.20395
0.501369
0.695331
0.829515
0.584006
0.791108
0.731542
0.662049
0.682122
0.760808
0.62664
0.612744
0.593756
0.548752
0.617435
0.450824
0.498395
0.490257
0.467127
0.302325
0.22394
0.405438
0.247926
0.232896
0.41141
0.436124
0.580305
0.439527
0.459084
0.367258
0.503838
0.547408
0.631555
0.705308
0.744624
0.567955
0.421461
0.267377
0.431535
0.508518
0.575679
0.463069
0.264932
0.459192
0.283648
0.457339
0.61054
0.335632
0.565493
0.641462
0.209275
0.422334
0.185633
0.486015
0.422405
0.607703
0.691111
0.486514
0.694358
0.73034
0.734923
0.509631
0.664153
0.516051
0.225095
0.774949
0.591799
0.743091
0.74818
0.124095
0.5632
0.624324
0.438686
0.177833
0.747589
0.432893
0.612181
0.468077
0.336236
0.184249
0.205644
0.407961
0.525594
0.267048
0.317706
0.313518
0.206147
0.332781
0.502431
0.378809
0.41759
0.179412
0.410854
0.422413
0.457549
0.709001
0.839555
0.137056
0.346107
0.826595
0.80104
0.804481
0.856655
0.823927
0.80491
0.830744
0.837986
0.868021
0.802704
0.834238
0.894386
0.681629
0.889146
0.596712
0.501321
0.379919
0.642724
0.532545
0.808177
0.663412
0.727371
0.835158
0.37331
0.821678
0.366059
0.433971
0.720457
0.627013
0.751558
0.366953
0.766851
0.678865
0.717984
0.692237
0.38233
0.751022
0.434245
0.762808
0.448746
0.340711
0.472936
0.491875
0.634986
0.721134
0.71473
0.721318
0.74012
0.734475
0.610962
0.477562
0.646001
0.440045
0.276495
0.432145
0.549229
0.531171
0.425136
0.489346
0.553237
0.372378
0.249389
0.38272
0.52334
0.227541
0.315048
0.552093
0.442368
0.23133
0.346466
0.177525
0.222269
0.075381
0.263548
0.337516
0.360539
0.624442
0.428929
0.701011
0.788304
0.799103
0.627285
0.731752
0.735434
0.749148
0.654985
0.712585
0.391632
0.64346
0.808684
0.722947
0.535124
0.772524
0.732715
0.694142
0.456262
0.409499
0.460618
0.727422
0.635623
0.71786
0.58287
0.563239
0.567904
0.345105
0.457458
0.424907
0.476047
0.622419
0.411289
0.667609
0.735509
0.759905
0.541186
0.468367
0.487292
0.638247
0.494642
0.279508
0.363321
0.703976
0.322825
0.408963
0.676474
0.530094
0.347178
0.428285
0.368768
0.225177
0.138859
0.613118
0.411614
0.721076
0.526642
0.667637
0.728611
0.590613
0.540262
0.399696
0.472289
0.231743
0.343147
0.431223
0.454352
0.284977
0.20804
0.438234
0.543842
0.244539
0.579188
0.438931
0.37645
0.415671
0.520948
0.458871
0.185678
0.49098
0.289161
0.351072
0.271367
0.416292
0.362577
0.164411
0.502969
0.621612
0.125455
0.133573
0.439666
0.385986
0.0791116
0.116222
0.355922
0.036043
