0.339432
0.280141
0.461531
0.295238
0.44871
0.515435
0.352891
0.240546
0.357799
0.579068
0.596492
0.653758
0.525039
0.805371
0.639069
0.41145
0.184104
0.46902
0.160613
0.130274
0.422297
0.227193
0.0604525
0.283376
0.429435
0.10229
0.143977
0.0672865
0.0750307
0.191263
0.261849
0.521511
0.188268
0.496403
0.266523
0.66858
0.555397
0.57223
0.884907
0.5267
0.637667
0.526635
0.443797
0.404483
0.749771
0.773583
0.347725
0.365346
0.721602
0.225271
0.604201
0.66432
0.340134
0.500296
0.548445
0.442177
0.251704
0.528444
0.328658
0.368436
0.638961
0.352262
0.131194
0.620058
0.299721
0.0468683
0.191396
0.285504
0.1555
0.109273
0.315516
0.405267
0.347979
0.0883649
0.372729
0.161629
0.401842
0.440364
0.681939
0.463271
0.774281
0.608307
0.7198
0.58814
0.747943
0.361329
0.494321
0.260438
0.228141
0.149326
0.363351
0.4852
0.244571
0.193168
0.51979
0.463719
0.647043
0.405958
0.23153
0.26472
0.503731
0.437225
0.6001
0.0832786
0.438042
0.471728
0.633048
0.368806
0.777817
0.503334
0.158979
0.714912
0.230144
0.863288
0.185214
0.251425
0.374104
0.422288
0.379675
0.200053
0.165519
0.304236
0.471504
0.355406
0.593837
0.327401
0.672205
0.276891
0.226555
0.502224
0.374787
0.344699
0.25688
0.584708
0.626305
0.507012
0.266718
0.286833
0.320504
0.383766
0.627021
0.639172
0.705158
0.373418
0.372888
0.786366
0.793004
0.279411
0.261078
0.607212
0.764678
0.493306
0.268937
0.171055
0.63875
0.301747
0.0940123
0.237706
0.616525
0.447163
0.351675
0.546575
0.333861
0.857693
0.909697
0.905598
0.866819
0.895666
0.898391
0.865377
0.794823
0.781908
0.595454
0.542869
0.856987
0.739928
0.900033
0.790242
0.623225
0.524557
0.52019
0.48474
0.355089
0.313163
0.441963
0.0987728
0.123508
0.186493
0.064531
0.441836
0.310338
0.649074
0.403725
0.522985
0.265467
0.869604
0.877378
0.896628
0.876095
0.82896
0.707676
0.79977
0.71894
0.589566
0.672847
0.640453
0.659322
0.560841
0.819015
0.330193
0.477362
0.543186
0.479178
0.355283
0.495067
0.216363
0.52071
0.365907
0.393292
0.531147
0.461524
0.396421
0.561676
0.56249
0.793775
0.73153
0.71984
0.681834
0.892634
0.840319
0.759793
0.767984
0.553025
0.528526
0.657282
0.514882
0.463622
0.725287
0.603314
0.44942
0.525264
0.497205
0.342092
0.456263
0.276289
0.293585
0.60327
0.422404
0.308627
0.715085
0.771843
0.688741
0.347196
0.221602
0.486094
0.313167
0.270779
0.363736
0.397216
0.580407
0.82574
0.607761
0.787736
0.813329
0.861903
0.903129
0.65688
0.522014
0.241481
0.495849
0.677394
0.655416
0.442194
0.514553
0.752129
0.77035
0.0990588
0.508684
0.692606
0.684996
0.44682
0.524756
0.564541
0.118794
0.166206
0.433323
0.63001
0.59998
0.671956
0.756839
0.855687
0.872477
0.453906
0.849781
0.626675
0.547031
0.559078
0.417033
0.23821
0.40655
0.185417
0.111428
0.11121
0.169103
0.25479
0.596434
0.621463
0.294085
0.673311
0.722697
0.207689
0.0693876
0.379144
0.315157
0.313422
0.339503
0.0870277
0.286391
0.34185
0.278728
0.0755059
0.13084
0.490721
0.263256
0.434434
0.455653
0.425846
0.522383
0.613684
0.886293
0.657182
0.909162
0.6003
0.834494
0.768921
0.386117
0.525192
0.159117
0.205291
0.389173
0.515552
0.832577
0.602392
0.576418
0.615741
0.216098
0.248394
0.308508
0.07441
0.05378
0.0571486
0.202923
0.559629
0.549166
0.789632
0.839207
0.840066
0.643402
0.706976
0.450862
0.271824
0.748993
0.684608
0.42076
0.51834
0.749661
0.653182
0.434317
0.711262
0.602362
0.775058
0.809416
0.746307
0.387892
0.660894
0.811612
0.666344
0.597352
0.449952
0.273715
0.352147
0.621112
0.580578
0.704819
0.693251
0.708995
0.776329
0.674908
0.687007
0.713421
0.61012
0.553884
0.408592
0.611373
0.643385
0.253142
0.731451
0.237862
0.624975
0.534997
0.541066
0.684501
0.587301
0.901103
0.919923
0.756754
0.492887
0.440553
0.639814
0.449907
0.519034
0.45625
0.167741
0.379803
0.337981
0.455934
0.201381
0.222856
0.276867
0.437614
0.112011
0.152531
0.318034
0.0683907
0.351905
0.65533
0.31481
0.458274
0.401729
0.455946
0.615215
0.541835
0.711362
0.692296
0.363642
0.48357
0.486123
0.149749
0.279876
0.561381
0.387349
0.212093
0.291833
0.452898
0.716423
0.855273
0.52694
0.69708
0.219295
0.201964
0.771204
0.461155
0.253351
0.453616
0.543044
0.309104
0.470865
0.58422
0.278446
0.380681
0.512453
0.286175
0.301501
0.456219
0.533162
0.200422
0.575163
0.489049
0.448934
0.161043
0.414102
0.45128
0.404327
0.348301
0.434954
0.663163
0.809467
0.6133
0.773027
0.842167
0.658092
0.368099
0.299066
0.635775
0.49099
0.28401
0.25887
0.326239
0.112873
0.129676
0.262472
0.25002
0.250967
0.449076
0.513596
0.617768
0.587368
0.712335
0.606808
0.508106
0.649874
0.457921
0.55413
0.395084
0.412664
0.788457
0.333845
0.307059
0.545056
0.471444
0.184991
0.410638
0.665911
0.535059
0.817164
0.393693
0.900733
0.784653
0.348917
0.47298
0.550441
0.433671
0.109977
0.122146
0.373063
0.847601
0.6153
0.556269
0.931746
0.874993
0.730449
0.67183
0.337232
0.657298
0.705862
0.888817
0.623297
0.727949
0.782857
0.539154
0.621089
0.565696
0.378653
0.520325
0.577803
0.425952
0.415229
0.509568
0.357975
0.333286
0.264505
0.227193
0.452174
0.397211
0.197324
0.38094
0.415763
0.230838
0.229853
0.436255
0.378598
0.320263
0.406787
0.539554
0.185984
0.0886012
0.41777
0.343064
0.494642
0.469437
0.249497
0.432133
0.178758
