0.313157
0.494325
0.507448
0.290792
0.319782
0.736485
0.776095
0.803301
0.747553
0.702376
0.522045
0.328884
0.489381
0.292463
0.422036
0.251369
0.346561
0.394937
0.492203
0.404694
0.522067
0.540542
0.386195
0.542863
0.498676
0.64413
0.398362
0.488774
0.356571
0.206985
0.393354
0.297095
0.307512
0.335041
0.185479
0.401382
0.605422
0.692562
0.595188
0.808848
0.663726
0.618621
0.844736
0.680301
0.3269
0.372067
0.497052
0.286402
0.172494
0.428315
0.389705
0.19976
0.199258
0.098494
0.170234
0.0280377
0.128624
0.379904
0.269564
0.0978225
0.42303
0.415701
0.0925586
0.224712
0.477072
0.303786
0.0590499
0.401996
0.364601
0.118448
0.103834
0.169739
0.287884
0.0670443
0.259612
0.397838
0.233455
0.311679
0.30359
0.0788601
0.357177
0.609404
0.345422
0.137043
0.568345
0.528766
0.147229
0.384917
0.644495
0.424703
0.143441
0.374269
0.420499
0.11596
0.226422
0.449253
0.0725056
0.0858589
0.260659
0.266972
0.102559
0.226906
0.327358
0.443633
0.476707
0.591779
0.692184
0.706901
0.441621
0.461584
0.761883
0.597295
0.575643
0.667891
0.572169
0.277136
0.11688
0.757359
0.414049
0.32679
0.0688181
0.62536
0.380729
0.354687
0.343277
0.256389
0.203188
0.488871
0.345075
0.156808
0.506067
0.144121
0.447251
0.329423
0.404322
0.394342
0.624592
0.527795
0.776459
0.477778
0.81044
0.596837
0.246358
0.467344
0.328398
0.342633
0.236178
0.520323
0.526888
0.63455
0.709157
0.743807
0.489254
0.585098
0.70283
0.31695
0.786965
0.400403
0.204814
0.496963
0.538519
0.133819
0.387475
0.134574
0.205118
0.117249
0.295105
0.328778
0.461949
0.17484
0.256518
0.378918
0.185508
0.0837953
0.192927
0.483672
0.120125
0.284809
0.215039
0.36932
0.195093
0.723886
0.630778
0.336699
0.503415
0.238009
0.189643
0.207346
0.294482
0.666377
0.740297
0.471462
0.585085
0.660013
0.72056
0.916332
0.82843
0.49556
0.320934
0.360583
0.738142
0.309444
0.076409
0.217449
0.813066
0.320517
0.130181
0.549512
0.455512
0.408198
0.310195
0.314727
0.279039
0.622412
0.324765
0.328092
0.605738
0.647144
0.710232
0.647515
0.643865
0.256573
0.302935
0.513152
0.424256
0.375682
0.587467
0.500499
0.2896
0.395165
0.323223
0.220533
0.137595
0.179583
0.211196
0.268337
0.361997
0.45964
0.3076
0.402259
0.567715
0.531866
0.669913
0.66346
0.505789
0.243066
0.786013
0.69085
0.395139
0.803872
0.670835
0.594348
0.727349
0.81933
0.695162
0.747816
0.832411
0.891559
0.624954
0.786649
0.664513
0.523664
0.735606
0.832889
0.0901496
0.420833
0.563399
0.298563
0.172628
0.301941
0.455087
0.330723
0.502169
0.390559
0.240429
0.517554
0.576276
0.532703
0.206602
0.411753
0.326306
0.135036
0.284053
0.139057
0.201612
0.411246
0.392513
0.102585
0.469875
0.587836
0.419867
0.257171
0.331987
0.647298
0.573489
0.641203
0.768504
0.561125
0.242844
0.453016
0.355345
0.5053
0.833011
0.479633
0.299896
0.303848
0.389775
0.394387
0.418641
0.27829
0.350446
0.201622
0.229553
0.136164
0.123272
0.284599
0.110408
0.0928129
0.122337
0.216756
0.132162
0.416585
0.473917
0.168182
0.20183
0.382249
0.375165
0.105449
0.220514
0.437946
0.326289
0.311159
0.372295
0.514883
0.53358
0.52967
0.443104
0.629042
0.534364
0.485707
0.430598
0.388566
0.155272
0.124631
0.131109
0.0678009
0.228232
0.307715
0.365184
0.170499
0.445109
0.432186
0.466984
0.696848
0.576472
0.465072
0.526042
0.424737
0.269652
0.212087
0.310728
0.470565
0.551514
0.581237
0.447378
0.29467
0.138221
0.34435
0.416732
0.107411
0.12499
0.342739
0.14096
0.0830365
0.307661
0.158344
0.200765
0.333167
0.252965
0.40157
0.261497
0.335846
0.104334
0.360417
0.218798
0.565632
0.234642
0.281921
0.552026
0.52344
0.508521
0.630532
0.440868
0.551572
0.306373
0.333949
0.191169
0.0587985
0.292666
0.381114
0.262466
0.419646
0.445344
0.633285
0.641076
0.331445
0.593927
0.582811
0.357538
0.360865
0.438371
0.289971
0.4147
0.328095
0.411884
0.50359
0.456192
0.574541
0.258978
0.51885
0.515947
0.368197
0.523982
0.607706
0.482325
0.236327
0.406819
0.376495
0.172219
0.227874
0.0809433
0.074195
0.0650173
0.116946
0.235241
0.120325
0.237602
0.209331
0.130248
0.1821
0.444756
0.411105
0.0849031
0.208715
0.569079
0.446647
0.0569321
