0.117682
0.326789
0.52474
0.26189
0.493621
0.206752
0.161834
0.335013
0.396131
0.0672533
0.0964703
0.0769791
0.465962
0.188492
0.0432616
0.303501
0.364368
0.0949303
0.188192
0.466911
0.105869
0.346721
0.0553273
0.146833
0.249055
0.540498
0.695709
0.626827
0.862907
0.867871
0.722868
0.575248
0.377225
0.485018
0.563823
0.0955991
0.70676
0.484555
0.665356
0.550524
0.18236
0.24822
0.630067
0.239383
0.124333
0.100151
0.186607
0.378298
0.399643
0.258625
0.421865
0.612874
0.60519
0.309042
0.669473
0.273014
0.588476
0.506454
0.127329
0.804972
0.790336
0.913486
0.81611
0.833846
0.731824
0.633748
0.486154
0.732896
0.3552
0.566874
0.724709
0.576455
0.274186
0.432321
0.509574
0.360424
0.0740842
0.207677
0.41353
0.0642421
0.072606
0.343575
0.430758
0.0685928
0.405191
0.48076
0.12072
0.0479333
0.382784
0.189242
0.542269
0.570993
0.738753
0.797946
0.65298
0.449296
0.709046
0.640095
0.83067
0.799391
0.766957
0.908344
0.855083
0.887378
0.884717
0.828411
0.912958
0.659481
0.564788
0.700282
0.447929
0.35846
0.343778
0.527021
0.71293
0.458509
0.585864
0.730064
0.625728
0.67004
0.467909
0.736733
0.410921
0.405052
0.626355
0.28107
0.452248
0.562876
0.594308
0.523019
0.229343
0.103831
0.428751
0.516959
0.52555
0.501989
0.553791
0.525055
0.619196
0.573935
0.517621
0.522956
0.348063
0.399208
0.173283
0.416111
0.106709
0.208948
0.514353
0.175613
0.207806
0.301705
0.420052
0.495688
0.514287
0.570957
0.442485
0.639194
0.273645
0.374231
0.475481
0.333316
0.651929
0.480645
0.808234
0.625868
0.670043
0.638292
0.75546
0.610777
0.673959
0.476505
0.65389
0.673076
0.751401
0.650574
0.848935
0.723612
0.641214
0.633554
0.720427
0.467637
0.625722
0.596355
0.404814
0.3402
0.547275
0.59779
0.530683
0.627418
0.620682
0.421297
0.456318
0.57123
0.543122
0.633666
0.690626
0.631451
0.643986
0.881957
0.520287
0.890795
0.865492
0.535144
0.814717
0.644904
0.166754
0.370214
0.290313
0.307087
0.102093
0.325848
0.499496
0.205252
0.0773638
0.395975
0.419944
0.065262
0.0549055
0.26503
0.199697
0.234091
0.650941
0.629659
0.739138
0.425426
0.763772
0.200775
0.922084
0.400563
0.770628
0.671667
0.572901
0.562613
0.28551
0.359801
0.449115
0.42558
0.396677
0.251454
0.0914023
0.121135
0.493787
0.278012
0.110212
0.286589
0.455875
0.423782
0.413298
0.825402
0.534603
0.874118
0.779586
0.81356
0.706741
0.463093
0.480678
0.523532
0.39321
0.595355
0.415102
0.581776
0.405148
0.459996
0.598416
0.666189
0.59946
0.377703
0.419458
0.664918
0.444072
0.347702
0.40022
0.488426
0.353849
0.27871
0.726346
0.68495
0.599297
0.705712
0.764907
0.747804
0.331037
0.441486
0.296522
0.658204
0.90001
0.795861
0.390275
0.424967
0.572116
0.223774
0.292805
0.167665
0.0611395
0.108248
0.237633
0.624693
0.379158
0.183371
0.445378
0.259984
0.256008
0.49625
0.366133
0.228221
0.283836
0.415184
0.459587
0.240269
0.474177
0.548126
0.542387
0.630742
0.131115
0.345278
0.34129
0.334804
0.324384
0.418449
0.739154
0.537893
0.161361
0.221828
0.495265
0.167429
0.0482855
0.0579289
0.300827
0.197402
0.315214
0.301915
0.205375
0.329889
0.461273
0.436094
0.355308
0.591064
0.470567
0.397043
0.366482
0.483635
0.267324
0.366655
0.248887
0.435785
0.479447
0.38174
0.47773
0.443482
0.576344
0.330771
0.624251
0.651149
0.454474
0.462481
0.812628
0.788502
0.48888
0.821332
0.854523
0.851517
0.802656
0.816392
0.567586
0.707247
0.645094
0.871289
0.868656
0.775697
0.552339
0.681801
0.662116
0.556866
0.303134
0.538507
0.505423
0.419089
0.525496
0.647148
0.471155
0.364599
0.708572
0.512174
0.830094
0.558591
0.493592
0.562239
0.743762
0.890144
0.856182
0.895073
0.709752
0.702199
0.825321
0.866505
0.504755
0.731139
0.770881
0.662144
0.412917
0.785907
0.732249
0.631242
0.606999
0.665472
0.750522
0.846935
0.56924
0.780782
0.186956
0.675254
0.773414
0.808485
0.721988
0.775211
0.613524
0.671852
0.656179
0.780743
0.671738
0.639498
0.665683
0.650472
0.742448
0.777172
0.644115
0.688095
0.813358
0.536143
0.60344
0.804276
0.585815
0.731688
0.462606
0.584152
0.788099
0.471123
0.415776
0.328637
0.90203
0.757393
0.396013
0.513438
0.913162
0.499281
0.546533
0.674945
0.692743
0.201805
0.331435
0.181853
0.250244
0.0677938
0.280083
0.615908
0.360326
0.127824
0.807707
0.325845
0.846254
0.787578
0.51801
0.16658
0.0335579
0.339324
0.19645
0.366965
0.414997
0.686285
0.805855
0.923608
0.88168
0.859331
0.896332
0.907163
0.782306
0.855914
0.723478
0.786758
0.891907
0.64761
0.722235
0.682197
0.691017
0.294407
0.295736
0.0512052
0.338678
0.0519606
