0.774771
0.73643
0.70782
0.685772
0.552134
0.356917
0.379369
0.24308
0.405106
0.422708
0.483363
0.313136
0.363398
0.562781
0.38928
0.547266
0.634681
0.418249
0.410225
0.724589
0.58569
0.255402
0.420993
0.854014
0.358096
0.700334
0.557384
0.437152
0.50704
0.635041
0.408361
0.577654
0.432835
0.408044
0.423587
0.663194
0.603904
0.65003
0.476713
0.494594
0.653541
0.60172
0.46256
0.692985
0.655589
0.797676
0.785813
0.839913
0.791245
0.741196
0.562198
0.723267
0.724661
0.363483
0.362266
0.591649
0.261639
0.372861
0.521701
0.340019
0.450091
0.751788
0.629837
0.81249
0.679157
0.775851
0.746864
0.790964
0.84419
0.790249
0.4743
0.389219
0.718033
0.233611
0.460699
0.515308
0.289542
0.0920049
0.0894866
0.107406
0.242992
0.237856
0.59843
0.319077
0.620865
0.149444
0.277542
0.380897
0.296307
0.427272
0.110646
0.173233
0.235489
0.605317
0.630139
0.451461
0.596425
0.42167
0.466718
0.289633
0.647789
0.852827
0.885433
0.440745
0.737811
0.4252
0.497082
0.161452
0.350141
0.492275
0.208546
0.125171
0.174833
0.119908
0.0978068
0.171595
0.522997
0.107502
0.137999
0.457491
0.282661
0.479639
0.413639
0.453023
0.252905
0.765855
0.570976
0.83717
0.536473
0.88379
0.92845
0.891259
0.73888
0.765215
0.402598
0.414656
0.470213
0.583656
0.838241
0.691463
0.799174
0.662839
0.614743
0.411898
0.332167
0.265494
0.411638
0.153357
0.230111
0.19959
0.157819
0.0821927
0.104257
0.0380704
0.0517392
0.0573293
0.0978851
0.0716369
0.253924
0.627497
0.288858
0.721124
0.888522
0.947634
0.722458
0.92224
0.819307
0.457423
0.315557
0.346927
0.573122
0.377189
0.307608
0.42204
0.394876
0.39558
0.246337
0.160557
0.523772
0.770255
0.461617
0.929824
0.784075
0.909159
0.82584
0.887632
0.726848
0.666169
0.615622
0.561323
0.476834
0.442009
0.592538
0.55292
0.270195
0.487011
0.400411
0.139879
0.286294
0.546186
0.347381
0.629457
0.527602
0.267598
0.618963
0.559147
0.921788
0.798668
0.655986
0.721027
0.623031
0.721765
0.558164
0.575827
0.696834
0.508283
0.644135
0.62112
0.682799
0.414973
0.167743
0.529227
0.426694
0.0441865
0.182865
0.330772
0.155408
0.0767017
0.112229
0.285365
0.345533
0.253929
0.303363
0.433134
0.376063
0.598237
0.822165
0.404486
0.588408
0.707724
0.387501
0.269048
0.197963
0.390619
0.441266
0.490293
0.699726
0.662953
0.399107
0.451127
0.395719
0.391438
0.31934
0.558982
0.354816
0.163821
0.559292
0.70252
0.222236
0.20638
0.4553
0.426896
0.107997
0.210793
0.117884
0.324684
0.13202
0.204311
0.427165
0.369683
0.579787
0.742198
0.332356
0.29172
0.512325
0.663556
0.557043
0.395445
0.547856
0.350751
0.473189
0.413272
0.433622
0.241686
0.516591
0.252669
0.0710652
0.366852
0.219371
0.156288
0.220274
0.0560143
0.223927
0.205248
0.241661
0.574789
0.548209
0.681049
0.294122
0.42012
0.119535
0.188615
0.290622
0.20238
0.407892
0.559959
0.726184
0.862577
0.776734
0.204583
0.439011
0.593413
0.263789
0.375531
0.0861841
0.341886
0.117604
0.386407
0.576874
0.454768
0.207882
0.506069
0.50988
0.340608
0.220188
0.407563
0.416632
0.163543
0.331919
0.243152
0.0864474
0.0552142
0.122986
0.0374856
0.217739
0.439099
0.502884
0.329875
