0.564404
0.435194
0.752623
0.504339
0.377974
0.50356
0.56517
0.300098
0.178081
0.323535
0.167959
0.0750644
0.0542575
0.0517853
0.194883
0.449728
0.258173
0.175863
0.556512
0.608777
0.283303
0.302117
0.713891
0.664299
0.309566
0.442468
0.671266
0.469294
0.49007
0.555958
0.354482
0.410547
0.37541
0.322068
0.432601
0.455495
0.368289
0.206196
0.331444
0.366107
0.496286
0.447208
0.735373
0.738734
0.893276
0.891813
0.732913
0.584419
0.78668
0.643745
0.49209
0.563221
0.139351
0.32818
0.346152
0.368292
0.417466
0.31363
0.394667
0.235472
0.199281
0.104514
0.162055
0.507437
0.133501
0.506478
0.734788
0.62663
0.408136
0.257013
0.510231
0.480684
0.559467
0.584868
0.461251
0.469135
0.578565
0.52607
0.784475
0.59567
0.6773
0.4876
0.601147
0.637364
0.785397
0.861922
0.878443
0.901174
0.800992
0.604303
0.678426
0.774927
0.214828
0.472036
0.718969
0.614955
0.0694484
0.40279
0.40539
0.401689
0.213825
0.392993
0.426611
0.181454
0.405154
0.243362
0.295777
0.283165
0.731994
0.742767
0.914145
0.854391
0.836206
0.791677
0.830637
0.740681
0.406341
0.679955
0.847603
0.920828
0.897327
0.854319
0.676769
0.766129
0.650177
0.377011
0.481474
0.43291
0.113483
0.0812498
0.310248
0.148515
0.49008
0.218737
0.382261
0.11799
0.176915
0.112508
0.0480436
0.173948
0.134993
0.258504
0.0798803
0.224027
0.0818345
0.192225
0.35708
0.336987
0.556476
0.481298
0.340502
0.536429
0.445884
0.436277
0.446009
0.589789
0.199028
0.210246
0.10203
0.200786
0.0872915
0.177843
0.0378814
0.0524788
0.0606413
0.0420284
0.126391
0.10311
0.408537
0.173907
0.382276
0.426826
0.363835
0.373774
0.554086
0.483273
0.583089
0.417552
0.831019
0.656012
0.830375
0.886683
0.817859
0.700711
0.486051
0.480782
0.379007
0.289659
0.373538
0.166788
0.483304
0.499141
0.434481
0.293379
0.613389
0.633342
0.322952
0.423389
0.675445
0.302147
0.194077
0.168338
0.317359
0.701073
0.398899
0.581129
0.210533
0.226952
0.332324
0.671278
0.489181
0.43981
0.368817
0.886715
0.780408
0.916035
0.884654
0.46547
0.688619
0.655653
0.82643
0.258129
0.200741
0.322325
0.569401
0.6009
0.570395
0.138268
0.440545
0.574257
0.435955
0.556667
0.512649
0.435238
0.353347
0.251172
0.331573
0.365324
0.0846166
0.125863
0.334125
0.506981
0.337873
0.548338
0.638859
0.639811
0.81643
0.66664
0.485482
0.52647
0.63497
0.368087
0.471309
0.595802
0.487126
0.425218
0.561364
0.717874
0.677814
0.518522
0.56496
0.673981
0.731417
0.356154
0.424718
0.617903
0.533761
0.452729
0.320978
0.0813503
0.690765
0.47558
0.0748034
0.542115
0.641033
0.399377
0.393897
0.44537
0.336619
0.338754
0.405458
0.31739
