0.709111
0.391085
0.319563
0.276296
0.401487
0.623276
0.5537
0.348814
0.375829
0.334636
0.390987
0.204886
0.243858
0.17187
0.054894
0.242964
0.467355
0.580518
0.107791
0.386227
0.260105
0.615225
0.271721
0.335173
0.44515
0.495697
0.339581
0.75192
0.326197
0.51177
0.728453
0.817903
0.064628
0.438129
0.621578
0.608527
0.402823
0.687138
0.827152
0.465136
0.642006
0.780315
0.577016
0.259924
0.319215
0.697392
0.559931
0.276375
0.341411
0.713204
0.447518
0.233607
0.626521
0.628832
0.18445
0.266535
0.644443
0.462655
0.649643
0.822906
0.477634
0.839942
0.785405
0.76178
0.85664
0.859324
0.587807
0.498667
0.719218
0.718347
0.672898
0.860538
0.873573
0.826767
0.643764
0.525437
0.62507
0.406326
0.660064
0.526837
0.669083
0.518723
0.613071
0.581188
0.463473
0.164714
0.491969
0.409877
0.2225
0.188509
0.554891
0.45181
0.226075
0.555354
0.223277
0.560866
0.358725
0.653705
0.574718
0.51075
0.633873
0.588339
0.590902
0.665572
0.788432
0.734594
0.64045
0.742106
0.55895
0.730113
0.550161
0.902529
0.944205
0.917086
0.949739
0.626742
0.771274
0.818214
0.400891
0.379866
0.682959
0.568381
0.525838
0.432902
0.55982
0.428499
0.116861
0.513173
0.567575
0.245625
0.484257
0.651459
0.547173
0.780608
0.499057
0.838828
0.199317
0.396736
0.567865
0.535709
0.557527
0.462353
0.216208
0.756626
0.511292
0.469247
0.305862
0.332639
0.332786
0.0941242
0.37284
0.303395
0.514513
0.106316
0.161557
0.256255
0.19462
0.386835
0.420395
0.446768
0.802314
0.773251
0.515343
0.819061
0.652419
0.872008
0.8004
0.909172
0.851609
0.818099
0.581882
0.677919
0.439926
0.431561
0.85032
0.532621
0.821477
0.542676
0.508293
0.562382
0.532346
0.416765
0.267222
0.698015
0.750606
0.630024
0.776806
0.654388
0.460673
0.631325
0.70172
0.809718
0.88289
0.867076
0.7682
0.351317
0.54495
0.516179
0.464249
0.544762
0.424601
0.193497
0.485112
0.783663
0.857972
0.61902
0.817184
0.77303
0.674554
0.616175
0.318838
0.819755
0.550122
0.267905
0.398942
0.116873
0.450445
0.464976
0.671043
0.685223
0.829317
0.476124
0.491534
0.312241
0.401061
0.536308
0.683811
0.334602
0.0757674
0.215677
0.317239
0.302179
0.352517
0.416409
0.564353
0.549038
0.557086
0.589328
0.535225
0.782157
0.628787
0.374677
0.586829
0.62514
0.385958
0.383892
0.501908
0.899736
0.840744
0.807231
0.911761
0.977254
0.978505
0.909485
0.930713
0.716874
0.710843
0.612504
0.569726
0.659758
0.778546
0.685015
0.606686
0.354822
0.603154
0.714148
0.510921
0.452922
0.675339
0.628702
0.519952
0.757763
0.789738
0.870815
0.779495
0.815075
0.738349
0.808103
0.816507
0.758866
0.608253
0.482596
0.576316
0.474155
0.513487
0.61326
0.464299
0.539976
0.640815
0.434428
0.291154
0.589646
0.540168
0.417035
0.60797
0.691684
0.745371
0.863062
0.841298
0.819988
0.860076
0.626642
0.569148
0.668809
0.472742
0.487244
0.653463
0.760669
0.710821
0.407925
0.890491
0.80657
0.546606
0.597661
0.849429
0.874383
0.57472
0.796796
0.664821
0.520523
0.729539
0.418628
0.36625
0.147837
0.639591
0.382225
0.480563
0.131132
0.605743
0.390193
0.336928
0.523391
0.638365
0.913801
0.750874
0.918107
0.919375
0.96159
0.914766
0.936656
0.8695
0.87664
0.898912
0.899136
0.875643
0.768773
0.775418
0.489776
0.359224
0.191219
0.457231
0.341979
0.227025
0.308823
0.392555
0.573725
0.327939
0.881354
0.44344
0.384018
0.477826
0.654421
0.41602
0.516745
0.375824
0.632611
0.432832
0.314123
0.499159
0.638152
0.417911
0.103904
0.483266
0.493374
0.166324
0.10104
0.425884
0.330023
0.115492
0.133614
0.203759
0.269697
0.308727
0.540515
0.4713
0.50058
0.769461
0.751154
0.448604
0.475663
0.516784
0.63182
0.402746
0.473793
0.107131
0.184847
0.38088
0.695653
0.439021
0.796958
0.733885
0.898977
0.712195
0.652662
0.604125
0.584407
0.674285
0.494416
0.271525
0.586469
0.490656
0.596264
0.533792
0.35303
0.729636
0.47439
0.556356
0.738464
0.834795
0.283045
0.167535
0.742471
0.818019
0.297483
0.201024
0.64359
0.872897
0.79655
0.29512
0.471995
0.731467
0.261193
0.200902
0.592708
0.569923
0.137444
0.156418
0.511787
0.53945
0.366613
0.448989
0.497335
0.510036
0.731885
0.601572
0.797083
0.73902
0.546591
0.800128
0.855005
0.844038
0.602591
0.696882
0.719718
0.655655
0.409233
0.511596
0.288031
0.497401
0.396453
0.341947
0.368582
0.400025
0.202638
0.119972
0.287433
0.141192
0.0808849
0.384746
0.186438
0.297403
0.63365
0.74285
0.343137
0.44753
0.30047
0.120034
0.426953
0.215417
0.116682
0.435516
0.273014
0.0613525
0.229159
0.33016
0.100339
0.0833428
0.117247
0.113873
0.269212
0.34252
0.252016
0.142614
0.468805
0.416145
0.40196
0.350236
0.587083
0.529077
0.356715
0.583511
0.737671
0.419587
0.585359
0.807208
0.526558
0.280957
0.69612
0.715953
0.429503
0.401224
0.461165
0.465754
0.292124
0.223496
0.273015
0.55521
0.456296
0.559033
0.608656
0.404898
0.75005
0.787677
0.769856
0.569729
0.905519
0.875695
0.979418
0.96665
0.62452
0.92219
0.778893
0.922209
0.972405
0.790542
0.833126
0.653252
0.7093
0.863652
0.425191
0.66344
0.640727
0.581039
0.636345
0.44914
0.5183
0.559628
0.414588
0.466876
0.491471
0.454113
0.32026
0.181082
0.300431
0.741877
0.640351
0.615273
0.786481
0.25992
0.557185
0.381036
0.758495
0.0981216
0.467312
0.636568
0.565697
0.791562
0.373832
0.334191
0.873106
0.343585
0.444727
0.435612
0.27922
0.336372
0.590919
0.32859
0.412084
0.507066
0.47468
0.265095
0.586289
0.61879
0.136697
0.252041
0.517048
0.402948
0.173821
0.163767
0.228591
0.0478341
0.158264
0.323312
0.05675
0.242583
0.562174
0.547973
0.292725
0.299064
0.346009
0.354381
0.448498
0.443372
0.41227
0.795512
0.950258
0.946752
0.83786
0.796203
0.843242
0.693287
0.863663
0.604842
0.811898
0.555423
0.537824
0.426809
0.29265
0.747323
0.71366
0.909532
0.956186
0.884788
0.921003
0.763666
0.637617
0.82975
0.937874
0.922421
0.894439
0.779763
0.925417
0.950723
0.946647
0.681098
0.646358
0.721632
0.487553
0.0776749
0.457446
0.323794
0.514873
0.11469
0.391464
0.440785
0.7488
0.632015
0.714949
0.603745
0.679333
0.626856
0.602446
0.374614
0.524926
0.505765
0.457774
0.189797
0.411611
0.263348
0.255382
0.0940163
0.344962
0.232867
0.230537
0.401536
0.44324
0.645993
0.514022
0.422803
0.633681
0.762741
0.803016
0.550279
0.408368
0.802012
0.66773
0.320184
0.619225
0.458838
0.314113
0.310741
0.31752
0.645832
0.437007
0.430759
0.430819
0.324792
0.372371
0.411656
0.100341
0.0636872
0.320852
0.210292
0.471125
0.498808
0.303606
0.416933
0.512426
0.436267
0.0536529
0.387997
0.568752
0.0810677
0.0943637
0.345722
0.574807
0.722584
0.596557
0.32014
0.472859
0.366583
0.214372
0.107527
0.626189
0.670092
0.272233
0.311219
0.593267
0.416715
0.123447
0.33584
0.468018
0.342216
0.329029
0.374257
0.397545
0.7772
0.934391
0.637775
0.678554
0.41149
0.57145
0.389362
0.572549
0.293885
0.282561
0.818907
0.524204
0.336725
0.164501
0.757127
0.329273
0.243062
0.607909
0.652764
0.356424
0.438049
0.792053
0.679914
0.372193
0.666562
0.360587
0.148083
0.591278
0.425521
0.262439
0.168654
0.401992
0.447232
0.270162
0.0885976
0.38684
0.335253
0.200844
0.384234
0.350589
0.526121
0.665077
0.348681
0.585613
0.4182
0.394305
0.417147
0.432074
0.405059
0.271108
0.615193
0.519484
0.201937
0.19669
0.436803
0.555322
0.265015
0.568461
0.38338
0.545301
0.331314
