0.370973
0.345953
0.312055
0.291916
0.0579841
0.210671
0.417927
0.4377
0.809386
0.858506
0.839098
0.631275
0.808186
0.562015
0.0768715
0.42186
0.352721
0.142915
0.124006
0.258199
0.410829
0.35998
0.201366
0.347884
0.532077
0.493917
0.235719
0.277654
0.402821
0.436118
0.120092
0.323447
0.265775
0.283742
0.378007
0.276042
0.147903
0.453138
0.450716
0.28561
0.627987
0.39888
0.0636361
0.254
0.186739
0.0562418
0.116342
0.093899
0.26722
0.467582
0.400764
0.360105
0.287167
0.450648
0.105312
0.12458
0.307466
0.122075
0.0819619
0.316222
0.305198
0.310239
0.632026
0.710399
0.760678
0.463989
0.527724
0.403368
0.592663
0.542947
0.58076
0.752812
0.501781
0.541669
0.172687
0.591503
0.57658
0.172405
0.191918
0.0497853
0.0646465
0.357293
0.138816
0.057216
0.0747745
0.140161
0.0766107
0.0628975
0.147956
0.109735
0.0675918
0.136749
0.0232731
0.172965
0.178524
0.0361446
0.231477
0.187676
0.509976
0.447422
0.753056
0.831591
0.599312
0.766234
0.801948
0.502629
0.427541
0.655942
0.475226
0.389075
0.388639
0.482285
0.0829717
0.128022
0.174052
0.0404457
0.195909
0.166381
0.0511819
0.23936
0.0936455
0.320523
0.486381
0.502876
0.911039
0.789121
0.831666
0.742929
0.815029
0.792188
0.537592
0.261882
0.354194
0.480741
0.760783
0.450088
0.474232
0.522358
0.806361
0.647062
0.414178
0.656981
0.581375
0.297556
0.434567
0.573687
0.329982
0.233357
0.621485
0.420031
0.155856
0.338284
0.390504
0.39191
0.0617298
0.210761
0.26875
0.394122
0.0474678
0.234586
0.254201
0.300685
0.350824
0.550114
0.196902
0.4918
0.322819
0.541198
0.752019
0.858097
0.786678
0.678659
0.862123
0.571352
0.804917
0.68701
0.14426
0.541362
0.775347
0.21753
0.0452375
0.513233
0.42827
0.176414
0.287516
0.299744
0.630978
0.865521
0.721799
0.860753
0.795844
0.550325
0.705394
0.664545
0.458863
0.84924
0.666826
0.902068
0.625115
0.544325
0.913277
0.869378
0.553122
0.71933
0.862475
0.681249
0.555922
0.566462
0.646721
0.33445
0.452985
0.138322
0.592959
0.403811
0.370299
0.758677
0.358657
0.86111
0.109453
0.568818
0.324617
0.426638
0.433364
0.56693
0.305353
0.295298
0.160855
0.272895
0.377616
0.789415
0.114726
0.191875
0.459271
0.733572
0.239154
0.148756
0.390367
0.47392
0.0541073
0.608865
0.216526
0.25372
0.376018
0.240981
0.512238
0.45146
0.632685
0.493769
0.656172
0.497031
0.583403
0.834773
0.632542
0.456058
0.420881
0.59588
0.409718
0.104308
0.499749
0.274538
0.320789
0.227763
0.565423
0.273523
0.22773
0.385436
0.468897
0.0621705
0.286793
0.327732
0.178766
0.205727
0.333395
0.256015
0.171962
0.344089
0.101254
0.0514281
0.221321
0.0808555
0.162806
0.295297
0.215646
0.341395
0.33502
0.469614
0.337746
0.276179
0.42076
0.0977821
0.401129
0.310135
0.265024
0.283977
0.122188
0.392835
0.229601
0.204954
0.235705
0.509398
0.196345
0.376817
0.650403
0.863125
0.722627
0.872954
0.670596
0.506528
0.322826
0.686838
0.802452
0.410141
0.507106
0.476775
0.637798
0.220109
0.546239
0.632627
0.380413
