0.34923
0.350527
0.186357
0.372943
0.222743
0.200545
0.411761
0.781703
0.565127
0.431719
0.379213
0.185187
0.302094
0.39441
0.362965
0.134479
0.321606
0.162898
0.205235
0.320763
0.196726
0.633748
0.264557
0.806435
0.802611
0.770458
0.438504
0.566638
0.602082
0.525871
0.523725
0.713327
0.738353
0.708239
0.60879
0.741474
0.757617
0.670799
0.42287
0.741502
0.586437
0.330157
0.771105
0.736698
0.395248
0.330403
0.710364
0.432088
0.30099
0.676538
0.57483
0.234497
0.639049
0.698563
0.285139
0.422195
0.637558
0.610967
0.172279
0.517229
0.673415
0.342633
0.254333
0.633131
0.419918
0.661572
0.306257
0.0983689
0.465778
0.663679
0.113823
0.872769
0.33991
0.44396
0.770799
0.643015
0.651048
0.560274
0.555278
0.652409
0.421646
0.624644
0.680589
0.441509
0.251976
0.40447
0.395434
0.0556125
0.0468321
0.0620074
0.123402
0.0406475
0.183661
0.298716
0.155288
0.726835
0.0652228
0.169971
0.733295
0.364333
0.734667
0.832478
0.803284
0.684348
0.730895
0.659794
0.452316
0.396749
0.602478
0.634967
0.280467
0.518801
0.247132
0.348138
0.173348
0.300104
0.666655
0.38704
0.394159
0.727744
0.479804
0.480942
0.343698
0.524881
0.619186
0.519759
0.231276
0.157368
0.652486
0.637043
0.198323
0.392619
0.0915354
0.38499
0.65796
0.382616
0.762786
0.725837
0.286563
0.720502
0.824231
0.849925
0.856927
0.543368
0.624579
0.643236
0.537688
0.340969
0.452063
0.609412
0.37444
0.342756
0.378503
0.54453
0.507071
0.238547
0.0984769
0.324143
0.439693
0.33449
0.31131
0.550012
0.429311
0.48937
0.249549
0.679967
0.49792
0.530559
0.868223
0.851142
0.909746
0.86987
0.853513
0.723817
0.611966
0.570544
0.668973
0.311533
0.596988
0.600883
0.361657
0.555863
0.756196
0.378733
0.396352
0.511424
0.379274
0.133713
0.240603
0.200967
0.453443
0.673679
0.463953
0.636086
0.455244
0.653564
0.708516
0.743385
0.585098
0.842752
0.621726
0.367286
0.722021
0.651098
0.422325
0.472909
0.477293
0.307478
0.659937
0.73886
0.291551
0.464754
0.672513
0.312081
0.229645
0.662804
0.414818
0.626215
0.49587
0.438245
0.273254
0.494538
0.446709
0.763011
0.617162
0.438158
0.812662
0.446834
0.284428
0.410018
0.141827
0.215348
0.126201
0.0700146
0.281364
0.269941
0.625755
0.703454
0.334838
0.667506
0.893176
0.868806
0.625191
0.433902
0.659661
0.43058
0.585678
0.437451
0.243078
0.375366
0.558195
0.4906
0.315494
0.326245
0.417909
0.206701
0.159362
0.151477
0.0920747
0.116806
0.0386898
0.150211
0.394706
0.450767
0.330582
0.417367
0.674702
0.60461
0.451316
0.544501
0.459308
0.799977
0.682134
0.68944
0.72685
0.835329
0.821216
0.831418
0.885437
0.668349
0.658664
0.406864
0.594401
0.544693
0.261004
0.270093
0.547477
0.378285
0.215658
0.362904
0.424895
0.373524
0.436732
0.491429
0.616677
0.589594
0.482422
0.645504
0.653573
0.592386
0.413691
0.48238
0.447671
0.344252
0.275569
0.350262
0.190304
0.101257
0.340364
0.0472443
0.22102
0.173888
0.341928
0.115635
0.19488
0.553591
0.241828
0.0715185
0.369442
0.459033
0.17344
0.170006
0.471233
0.56286
0.352356
0.403527
0.649501
0.843048
0.436772
0.579548
0.445254
0.444104
0.730417
0.298485
0.176851
