0.810426
0.7607
0.691333
0.56315
0.522706
0.461209
0.234227
0.313303
0.639583
0.376184
0.261096
0.353437
0.404431
0.292755
0.522743
0.493396
0.402697
0.469076
0.567669
0.542268
0.554283
0.321435
0.552202
0.532896
0.353223
0.358326
0.560717
0.365294
0.396253
0.251143
0.264721
0.156488
0.419203
0.448514
0.784179
0.39114
0.423194
0.125624
0.67576
0.774238
0.953188
0.950918
0.936383
0.86962
0.703219
0.831359
0.286631
0.225093
0.593578
0.390341
0.16601
0.227963
0.153715
0.088675
0.430174
0.401286
0.17078
0.136039
0.176208
0.388326
0.402959
0.216971
0.403632
0.318807
0.313054
0.343635
0.272596
0.298311
0.374812
0.676836
0.755659
0.612498
0.799788
0.869415
0.452817
0.379079
0.845818
0.461391
0.584316
0.31001
0.637404
0.67602
0.931339
0.679401
0.852814
0.350794
0.300518
0.920181
0.483864
0.259827
0.274033
0.651907
0.502777
0.242349
0.0897077
0.0705712
0.12878
0.0558928
0.146781
0.298221
0.180333
0.215498
0.166308
0.338771
0.334028
0.354669
0.142606
0.157722
0.184232
0.310879
0.144752
0.129708
0.0514121
0.182399
0.104699
0.0288554
0.129328
0.0947187
0.0737428
0.103738
0.231119
0.280594
0.10326
0.187749
0.190831
0.178958
0.0206874
0.0933933
0.048036
0.237225
0.249742
0.741633
0.604159
0.327613
0.693594
0.497614
0.709824
0.890197
0.942616
0.793761
0.683875
0.132666
0.750664
0.769904
0.889765
0.904058
0.438377
0.808861
0.488113
0.180237
0.19999
0.128164
0.298331
0.331382
0.127046
0.27329
0.0985629
0.176513
0.234549
0.504779
0.550487
0.838819
0.78008
0.577733
0.669566
0.902004
0.57722
0.658557
0.924002
0.953036
0.459899
0.857259
0.953665
0.791767
0.350513
0.248595
0.121719
0.579967
0.346652
0.607758
0.881564
0.759088
0.509235
0.516921
0.570125
0.0619586
0.435013
0.224487
0.0300489
0.513459
0.207873
0.224883
0.499581
0.614985
0.271312
0.0685962
0.361334
0.56867
0.317405
0.649954
0.490289
0.522481
0.519562
0.529422
0.551489
0.245254
0.840814
0.814719
0.325525
0.452793
0.400284
0.439243
0.582676
0.360987
0.206799
0.684274
0.596994
0.403059
0.38718
0.229244
0.239317
0.112778
0.434216
0.538863
0.0475426
0.584812
0.38361
0.299866
0.661476
0.726734
0.60342
0.533246
0.525379
0.665655
0.568129
0.642722
0.601653
0.434788
0.174876
0.172463
0.281561
0.162693
0.180698
0.501438
0.272959
0.304767
0.743967
0.60847
0.387985
0.396684
0.613143
0.545247
0.317229
0.514702
0.631938
0.42348
0.158224
0.605084
0.480478
0.378503
0.388269
0.599943
0.45969
0.331974
0.443689
0.369466
0.205963
0.228712
0.451748
0.550925
0.447719
0.340843
0.323198
0.293043
0.582149
0.43244
0.319244
0.195974
0.431982
0.303439
0.418524
