0.123039
0.433099
0.239405
0.487562
0.363609
0.486349
0.264662
0.438215
0.600233
0.541944
0.224297
0.297036
0.1336
0.250669
0.348942
0.138407
0.233535
0.337433
0.120264
0.090907
0.170179
0.292486
0.128238
0.41239
0.283332
0.354078
0.166778
0.172629
0.14739
0.285565
0.0578181
0.367856
0.0470062
0.0907893
0.347894
0.308078
0.0510235
0.107077
0.20704
0.0677326
0.0986697
0.15228
0.216944
0.22494
0.190577
0.557723
0.552094
0.802248
0.678515
0.524851
0.451034
0.49446
0.430661
0.432705
0.350048
0.233045
0.357617
0.458828
0.230704
0.179938
0.136513
0.33887
0.388973
0.344753
0.701493
0.608355
0.29407
0.129446
0.744013
0.501927
0.659765
0.860241
0.718585
0.773729
0.566132
0.402847
0.575774
0.218869
0.590341
0.575995
0.35818
0.314056
0.786459
0.536697
0.527985
0.709997
0.536851
0.632587
0.343792
0.556337
0.743713
0.610676
0.822225
0.810877
0.445113
0.482344
0.688101
0.482746
0.503058
0.589303
0.581752
0.593089
0.590767
0.542251
0.781817
0.594257
0.529205
0.81444
0.899465
0.547386
0.502462
0.871347
0.873894
0.711748
0.723593
0.504919
0.607342
0.638601
0.426983
0.45985
0.567647
0.449385
0.359118
0.317944
0.120214
0.243701
0.566313
0.623634
0.762042
0.461978
0.532056
0.834009
0.723388
0.847793
0.885997
0.903956
0.903774
0.822553
0.302958
0.85312
0.339758
0.822985
0.0716381
0.47489
0.694194
0.845449
0.810685
0.787673
0.883834
0.84204
0.535844
0.65687
0.793589
0.719878
0.4544
0.578972
0.770273
0.876667
0.353033
0.478717
0.90767
0.190918
0.71224
0.3386
0.518997
0.337596
0.175655
0.661843
0.815911
0.593647
0.889451
0.790394
0.483885
0.413349
0.275845
0.679756
0.52628
0.106412
0.300641
0.772589
0.104861
0.523033
0.291377
0.568023
0.505606
0.54793
0.769066
0.358676
0.165526
0.245048
0.558175
0.119718
0.431743
0.233046
0.496934
0.825013
0.336577
0.430205
0.48221
0.868587
0.926395
0.909435
0.840259
0.806321
0.549643
0.710789
0.763973
0.502514
0.323792
0.760772
0.550731
0.402967
0.257892
0.267641
0.431415
0.425483
0.189942
0.207119
0.256185
0.286854
0.255481
0.383806
0.385207
0.669411
0.234302
0.384758
0.475442
0.620092
0.844429
0.922966
0.430452
0.127314
0.497949
0.376228
0.133011
0.463394
0.325271
0.118848
0.450807
0.486592
0.0962911
0.124242
0.265296
0.332275
0.0397846
0.141299
0.129888
0.199835
0.603618
0.375036
0.164227
0.416988
0.379712
0.504952
0.452471
0.497216
0.207175
0.285141
0.234565
0.207335
0.478435
0.487225
0.36902
0.482151
0.494268
0.730304
0.677287
0.493507
0.634519
0.623056
0.558909
0.548806
0.713181
0.660907
0.681249
0.58109
0.492201
0.443721
0.495281
0.582416
0.461288
0.616182
0.37952
0.271236
0.43559
0.512179
0.153541
0.198454
0.564206
0.252771
0.230861
0.269352
0.358833
0.292465
0.181134
0.311919
0.32639
0.318561
0.294111
0.413274
0.447993
0.134115
0.398073
0.272468
0.749405
0.611793
0.716734
0.666524
0.526768
0.627267
0.854498
0.693211
0.795904
0.703221
0.620459
0.628402
0.768899
0.706424
0.639328
0.563348
0.629484
0.733939
0.54954
0.677324
0.794667
0.616149
0.664932
0.486424
0.777621
0.83614
0.793641
0.0452489
0.821505
0.79424
0.64383
0.613768
0.730717
0.748788
0.582839
0.581747
0.644487
0.767204
0.596455
0.436168
0.485013
0.436968
0.471186
0.264341
0.398174
0.32458
0.497283
0.268494
0.476747
0.638382
0.24966
0.239203
0.549447
0.600444
0.679073
0.470888
0.72373
0.555805
0.394022
0.834706
0.338736
0.0270567
0.628398
0.808944
0.24309
0.617949
0.776069
0.752057
0.812366
0.915807
0.910259
0.841582
0.625362
0.578038
0.798734
0.75429
0.844693
0.914955
0.891214
0.549481
0.552938
0.79317
0.880979
0.4304
0.567418
0.837875
0.802467
0.439836
0.56647
0.542063
0.441967
0.453104
0.324775
0.153836
0.389272
0.33384
0.0950401
0.255016
0.377888
0.423994
0.52061
0.638069
0.451238
0.575587
0.654462
0.407992
0.235359
0.185389
0.477698
0.225208
0.293127
0.423584
0.365577
0.22456
0.139854
0.297822
0.431762
0.655684
0.423678
0.680008
0.115955
0.239291
0.614571
0.619085
0.643563
0.304278
0.234106
0.283798
0.42427
0.233206
0.447921
0.411015
0.651908
0.449194
0.343541
0.640199
0.489299
0.337267
0.491744
0.436531
0.441514
0.298306
0.370382
0.414212
0.63805
0.43398
0.301878
0.562037
0.217606
0.363165
0.558762
0.240556
0.448593
0.434423
0.350245
0.423907
0.339361
0.208365
0.118968
0.235805
0.514768
0.0912912
0.238403
0.409016
0.204449
0.109001
0.348562
0.433784
0.0718554
0.113167
0.338051
0.0576286
0.291447
0.138307
0.294811
0.212698
0.3274
0.506775
0.49293
0.484266
0.401622
0.415325
0.564056
0.384964
0.277755
0.292674
0.301053
0.333453
0.416079
0.496915
0.448911
0.410304
0.327547
0.265938
0.265918
0.098117
0.516405
0.573832
0.459616
0.607328
0.223996
0.109184
0.359282
0.208391
0.13551
0.118145
0.223749
0.109876
0.0522963
0.101919
0.173049
0.0801044
0.205849
0.554484
0.654285
0.430421
0.6142
0.57066
0.775665
0.620644
0.688784
0.556065
