0.554639
0.21776
0.627108
0.243397
0.722565
0.809027
0.308228
0.184579
0.0826017
0.122899
0.355144
0.485695
0.713118
0.584563
0.708572
0.428795
0.765532
0.809285
0.565637
0.662113
0.866066
0.738974
0.420033
0.827717
0.756386
0.525266
0.571563
0.388404
0.707007
0.464232
0.341435
0.455081
0.395264
0.551443
0.430173
0.340768
0.366105
0.538936
0.509704
0.389333
0.409668
0.64933
0.415341
0.287828
0.676984
0.574161
0.296172
0.114618
0.441155
0.62401
0.762196
0.803685
0.500605
0.634954
0.827969
0.782217
0.265083
0.381568
0.519634
0.462845
0.16314
0.192137
0.280861
0.190717
0.503991
0.493936
0.554498
0.421813
0.183119
0.335542
0.490824
0.410834
0.33677
0.482602
0.747637
0.517431
0.0678827
0.11185
0.741261
0.785641
0.546284
0.811783
0.79039
0.765561
0.798763
0.743681
0.644641
0.770514
0.403793
0.496701
0.432587
0.454463
0.810614
0.624275
0.692505
0.560872
0.455034
0.445724
0.270105
0.230382
0.475349
0.315795
0.108514
0.300115
0.471083
0.204869
0.144411
0.457284
0.241063
0.728787
0.616505
0.527579
0.245688
0.511334
0.487401
0.33602
0.233107
0.324461
0.303552
0.0999882
0.0893285
0.0324903
0.0930547
0.26931
0.175805
0.10041
0.225026
0.251713
0.172871
0.207496
0.492835
0.491685
0.686481
0.655237
0.685368
0.620641
0.605443
0.793092
0.831143
0.792059
0.554831
0.302986
0.210444
0.644968
0.486742
0.534454
0.598133
0.555834
0.585009
0.819172
0.731765
0.638444
0.697943
0.572658
0.450371
0.559978
0.247554
0.281173
0.393239
0.558439
0.651684
0.54774
0.587433
0.841561
0.767479
0.718124
0.533483
0.600832
0.718719
0.231693
0.368612
0.636756
0.418983
0.129201
0.547094
0.686725
0.627131
0.483914
0.515876
0.643343
0.424277
0.196463
0.111065
0.370099
0.401756
0.307612
0.188591
0.619696
0.376
0.206475
0.381498
0.737148
0.393453
0.273348
0.456491
0.537804
0.68589
0.730023
0.754947
0.599913
0.715161
0.601916
0.869524
0.930647
0.85025
0.845373
0.768321
0.530177
0.688425
0.426959
0.697346
0.621758
0.547028
0.5751
0.696088
0.758215
0.754932
0.820104
0.834589
0.850713
0.870553
0.761947
0.675471
0.538118
0.799426
0.675164
0.786752
0.760214
0.67613
0.707458
0.235788
0.525249
0.724423
0.460834
0.40629
0.551572
0.408818
0.47296
0.647027
0.354144
0.313999
0.650073
0.803045
0.500162
0.429557
0.778328
0.809337
0.769479
0.712342
0.438124
0.335185
0.540334
0.697088
0.753826
0.763728
0.828063
0.800159
0.800308
0.672198
0.514797
0.468464
0.74021
0.506591
0.820025
0.759132
0.485757
0.20538
0.135449
0.278742
0.539909
0.774356
0.585358
0.599205
0.662027
0.481575
0.534895
0.648428
0.604437
0.427597
0.433727
0.465144
0.472253
0.34482
0.113935
0.405964
0.549169
0.232491
0.42944
0.448543
0.223905
0.0637326
0.352789
0.708617
0.741054
0.816754
0.665569
0.867383
0.572258
0.498165
0.538455
0.7654
0.804723
0.705329
0.696333
0.675738
0.573199
0.520714
0.35572
0.540237
0.341607
0.33187
0.431213
0.528237
0.296932
0.300496
0.375835
0.424616
0.276146
0.184319
0.281344
0.174752
0.161638
0.11559
0.264985
0.275022
0.324316
0.508969
0.853973
0.799455
0.326167
0.521784
0.106913
0.547267
0.783903
0.894218
0.957449
0.917483
0.725163
0.669645
0.729219
0.536781
0.32812
0.459994
0.451897
0.183646
0.121252
0.101167
0.140552
0.359714
0.274451
0.582293
0.635498
0.651284
0.820485
0.857727
0.611116
0.526144
0.793061
0.572429
0.410426
0.817042
0.566804
0.239643
0.587758
0.619308
0.349457
0.216863
0.63913
0.332676
0.107625
0.333965
0.216344
0.0508686
0.239981
0.364159
0.135702
0.0892435
0.444813
0.182699
0.101702
0.107772
0.0860025
0.209349
0.549575
0.584099
0.455634
0.310979
0.154941
0.233725
0.143349
0.294258
0.326747
0.193695
0.50699
0.570804
0.213553
0.403516
0.618773
0.355603
0.286366
0.222392
0.305612
0.365071
0.342347
0.322811
0.319221
0.462956
0.453842
0.533179
0.759316
0.847626
0.688458
0.642035
0.399649
0.67829
0.846891
0.398312
0.405634
0.313326
0.822931
0.60176
0.903485
0.306915
0.424258
0.426756
0.608831
0.818153
0.543428
0.581258
0.76676
0.840308
0.735531
0.744333
0.858071
0.885452
0.765208
0.567462
0.854678
0.855473
0.875942
0.797326
0.81819
0.79162
0.752143
0.532252
0.40277
0.323392
0.535511
0.354485
0.176077
0.337969
0.433573
0.393298
0.560917
0.579376
0.520337
0.802369
0.842266
0.871864
0.866425
0.805894
0.730144
0.691866
0.794905
0.693883
0.653572
0.645207
0.660259
0.459178
0.364142
0.534973
0.25969
0.256864
0.415161
0.154918
0.383637
0.6232
0.147791
0.456877
0.653062
0.687126
0.460948
0.68638
0.636869
0.815056
0.348891
0.675119
0.791049
0.704146
0.397662
0.662165
0.801806
0.773605
0.785932
0.636823
0.678809
0.314435
0.401692
0.631098
0.612551
0.506347
0.575338
0.476869
0.57181
0.605028
0.858006
0.770442
0.723351
0.662444
0.645765
0.69202
0.520118
0.603887
0.762737
0.798278
0.667873
0.738545
0.627723
0.691509
0.541944
0.214423
0.471369
0.391049
0.151761
0.412576
0.66517
0.794444
0.475381
0.355713
0.220394
0.352322
0.47605
0.199
0.455665
0.66216
0.511635
0.47399
0.561462
0.539551
0.432418
0.614213
0.374507
0.359702
0.447984
0.673266
0.186037
0.317175
0.533279
0.496568
0.309592
0.440612
0.126491
0.408262
0.620866
0.379622
0.283959
0.542874
0.62652
0.382028
0.487514
0.654139
0.617081
0.731432
0.694254
0.437171
0.702959
0.814175
0.40097
0.782841
0.346481
0.346954
0.249636
0.417538
0.616934
0.586449
0.654469
0.221042
0.285001
0.573456
0.736598
0.379862
0.378396
0.492541
0.469448
0.160868
0.239253
0.382397
0.366725
0.428433
0.599366
0.783405
0.57756
0.737385
0.463465
0.748363
0.41772
0.277051
0.519692
0.423599
0.0794544
0.101743
0.142833
0.098742
0.0467741
0.191093
0.0293175
0.429166
0.573864
0.677245
0.824561
0.867328
0.790356
0.486865
0.595289
0.754959
0.928196
0.95175
0.942348
0.921876
0.869179
0.745853
0.733995
0.726224
0.787349
0.788859
0.95946
0.890563
0.885731
0.877708
0.610774
0.846665
0.948992
0.939541
0.919881
0.913737
0.722722
0.698331
0.687201
0.799154
0.718863
0.635063
0.305522
0.528025
0.576083
0.659775
0.463996
0.429114
0.687692
0.624517
0.819424
0.76139
0.853021
0.927803
0.674227
0.651697
0.291167
0.41235
0.484137
0.28338
0.180241
0.370586
0.748999
0.652424
0.782544
0.892373
0.776662
0.481009
0.757926
0.682639
0.681012
0.65566
0.462531
0.411176
0.859567
0.526553
0.344989
0.567826
0.64421
0.025518
0.46426
0.616098
0.563125
0.575364
0.79603
0.583737
0.591169
0.836323
0.814779
0.68569
0.918953
0.818863
0.926266
0.704408
0.748724
0.686054
0.676731
0.434048
0.378461
0.663469
0.663514
0.33009
0.132121
0.210942
0.538006
0.634081
0.474024
0.405809
0.372931
0.410269
0.492954
0.500122
0.448011
0.271263
0.583431
0.693023
0.289743
0.185331
0.840899
0.611736
0.372348
0.624002
0.577916
0.908912
0.637769
0.607341
0.858431
0.926958
0.632603
0.781688
0.534993
0.710492
0.291625
0.24379
