0.633221
0.803511
0.672846
0.745076
0.753935
0.464083
0.659901
0.544056
0.774332
0.504492
0.740854
0.70601
0.477195
0.795165
0.725673
0.473948
0.641101
0.587135
0.660056
0.4632
0.651554
0.549837
0.443083
0.310836
0.361294
0.424123
0.172526
0.316604
0.666256
0.103847
0.586023
0.233273
0.200997
0.611212
0.725007
0.485655
0.386344
0.604056
0.629024
0.580563
0.451617
0.532311
0.257977
0.383788
0.640672
0.422313
0.3764
0.489828
0.606736
0.441247
0.204033
0.192302
0.415552
0.394891
0.115305
0.248492
0.186315
0.292062
0.473554
0.574536
0.308709
0.379206
0.606341
0.566313
0.506066
0.202153
0.618029
0.57362
0.381532
0.617934
0.652256
0.573612
0.434795
0.587425
0.386465
0.46536
0.414394
0.633429
0.275997
0.183713
0.482601
0.33383
0.102114
0.163957
0.541634
0.62586
0.480538
0.381259
0.743007
0.723919
0.312986
0.584785
0.951214
0.948291
0.830517
0.451876
0.60699
0.627574
0.733383
0.316742
0.437988
0.774644
0.585635
0.684135
0.569327
0.40754
0.38638
0.728288
0.522634
0.798449
0.836764
0.917095
0.779753
0.659304
0.788653
0.588636
0.657136
0.702618
0.468352
0.301712
0.344229
0.234593
0.166289
0.506937
0.360236
0.189843
0.566352
0.691755
0.269514
0.364109
0.735502
0.742942
0.72905
0.555808
0.60768
0.751933
0.649277
0.640473
0.672142
0.926297
0.828084
0.763301
0.633578
0.339015
0.60077
0.86457
0.893889
0.95018
0.74344
0.843006
0.677831
0.47497
0.68058
0.212875
0.660856
0.723247
0.147191
0.384996
0.611405
0.902757
0.846044
0.693221
0.55809
0.968206
0.62679
0.595215
0.780883
0.735994
0.377583
0.407997
0.398839
0.107809
0.0873394
0.689439
0.605933
0.724841
0.766906
0.679241
0.584533
0.702557
0.368595
0.432503
0.176656
0.727614
0.447885
0.639381
0.506049
0.519986
0.376719
0.442107
0.249102
0.371484
0.461191
0.327702
0.119919
0.22362
0.236225
0.526198
0.538957
0.728871
0.599167
0.655184
0.459819
0.424317
0.470518
0.742802
0.456366
0.780473
0.370526
0.407599
0.272075
0.796636
0.724089
0.224778
0.621508
0.844369
0.49375
0.151107
0.731541
0.603467
0.3154
0.0986793
0.344265
0.189533
0.0394756
0.165393
0.359802
0.125184
0.333414
0.393872
0.311205
0.623229
0.647511
0.931036
0.672858
0.964292
0.783671
0.700772
0.747506
0.775284
0.805944
0.712525
0.573689
0.727885
0.611742
0.651575
0.557122
0.502829
0.375467
0.523777
0.481366
0.234959
0.375863
0.502404
0.36016
0.36447
0.849579
0.57877
0.730231
0.732388
0.68381
0.644594
0.714872
0.767627
0.432059
0.347742
0.50119
0.608342
0.70292
0.337987
0.257681
0.627897
0.663953
0.437951
0.548216
0.699459
0.526435
0.308167
0.487078
0.46777
0.657333
0.615826
0.827002
0.652244
0.536314
0.798866
0.576312
0.698413
0.491806
0.737166
0.717849
0.744536
0.802318
0.880441
0.752545
0.663798
0.526962
0.813808
0.437258
0.344682
0.292766
0.636169
0.584423
0.547164
0.368354
0.479928
0.538244
0.573277
0.314515
0.431925
0.431051
0.116821
0.477578
0.17396
0.509284
0.356447
0.396286
0.442821
0.374544
0.446202
0.612684
0.369945
0.538272
0.42053
0.601458
0.833079
0.8674
0.855712
0.638111
0.709938
0.711502
0.702508
0.654165
0.346955
0.749634
0.534129
0.796118
0.783787
0.820734
0.8257
0.578964
0.873104
0.772457
0.427034
0.620336
0.405193
0.507302
0.813209
0.629064
0.749424
0.774112
0.574761
0.479836
0.70259
0.502789
0.448963
0.65565
0.729109
0.441982
0.207343
0.485067
0.256851
0.256236
0.527528
0.729073
0.442291
0.359885
0.545848
0.655757
0.527724
0.71251
0.301833
0.83172
0.893688
0.810854
0.823346
0.50848
0.587623
0.796349
0.739953
0.58051
0.444223
0.23574
0.494527
0.38841
0.338523
0.0949838
0.226655
0.173708
0.124851
0.186217
0.342879
0.284928
0.663718
0.3816
0.694309
0.370362
0.709036
0.380163
0.834736
0.781931
0.917786
0.945104
0.790858
0.477955
0.579608
0.532439
0.305542
0.5261
0.758924
0.638525
0.686671
0.32896
0.225865
0.651114
0.487991
0.35692
0.2081
0.43573
0.43275
0.414225
0.0934336
0.558575
0.432976
0.591068
0.591461
0.790609
0.81651
0.896775
0.876302
0.752975
0.704052
0.71858
0.634741
0.708531
0.414017
0.368885
0.192891
0.584051
0.614995
0.689996
0.683617
0.625978
0.321748
0.804085
0.506531
0.89686
0.797739
0.915689
0.675853
0.523252
0.895294
0.880512
0.0366378
0.64757
0.704385
0.816227
0.463694
0.435961
0.602656
0.775778
0.672359
0.471099
0.426113
0.28795
0.329449
0.537374
0.421937
0.582787
0.526681
0.614648
0.710364
0.746834
0.690026
0.491361
0.564147
0.646694
0.351422
0.361277
0.40614
0.295778
0.199271
0.349572
0.117093
0.0956838
0.0642916
0.127073
0.337983
0.227367
0.355271
0.361957
0.412181
0.535756
0.554225
0.402734
0.441394
0.654776
0.41036
0.313091
0.488633
0.440637
0.281846
0.160196
0.179461
0.429247
0.155699
0.064362
0.117318
0.296047
0.366466
0.452237
0.287294
0.378577
0.517599
0.484012
0.592833
0.392041
0.383298
0.533163
0.347052
0.660209
0.675225
0.772998
0.768851
0.56617
0.63085
0.645695
0.524008
0.390284
0.744422
0.43633
0.445227
0.809805
0.768408
0.596628
0.487106
0.66554
0.43549
0.604195
0.420823
0.451574
0.338197
0.6307
0.531997
0.464142
0.842747
0.690415
0.653335
0.491922
0.618127
0.72665
0.511596
0.627344
0.406183
