0.487783
0.285775
0.6649
0.444481
0.361465
0.703809
0.619486
0.415537
0.676955
0.651596
0.614878
0.460503
0.648397
0.674032
0.5552
0.564022
0.564308
0.653593
0.499848
0.756714
0.235598
0.707546
0.795501
0.577994
0.460013
0.501405
0.665493
0.78413
0.459654
0.691523
0.609313
0.723409
0.644742
0.784751
0.585745
0.457553
0.470908
0.494632
0.565438
0.186898
0.555542
0.374146
0.693064
0.584109
0.633373
0.545083
0.345978
0.310813
0.582197
0.501978
0.439451
0.592185
0.372373
0.336544
0.533375
0.512309
0.299238
0.56956
0.606029
0.341996
0.396224
0.640687
0.647912
0.420574
0.548581
0.413945
0.576863
0.572885
0.583616
0.738887
0.638133
0.577786
0.436023
0.620482
0.394491
0.508047
0.445037
0.43803
0.495099
0.5174
0.506474
0.60265
0.652528
0.636701
0.52239
0.745039
0.773458
0.551277
0.637257
0.733091
0.816897
0.673496
0.818743
0.842644
0.642747
0.518795
0.506888
0.809086
0.690514
0.549459
0.784262
0.762117
0.572467
0.533265
0.818915
0.605651
0.381307
0.559792
0.368131
0.662748
0.512612
0.544887
0.438885
0.565895
0.371693
0.430626
0.430417
0.278792
0.422317
0.467741
0.37647
0.210427
0.592012
0.823617
0.829625
0.839879
0.559942
0.677722
0.782902
0.692382
0.537871
0.551584
0.454052
0.420708
0.62984
0.744232
0.418107
0.496568
0.56675
0.643178
0.386359
0.446601
0.481414
0.637873
0.380955
0.196634
0.540823
0.401214
0.203021
0.488771
0.310018
0.224372
0.304069
0.370213
0.446506
0.100523
0.648371
0.80094
0.87213
0.882829
0.462213
0.709746
0.730245
0.552335
0.627244
0.616495
0.607086
0.7233
0.704397
0.59638
0.610554
0.713367
0.605008
0.601167
0.42662
0.551061
0.528121
0.44616
0.366412
0.534899
0.630205
0.432592
0.522232
0.530514
0.753334
0.645641
0.629072
0.591882
0.645953
0.634087
0.657314
0.572193
0.54875
0.645087
0.586786
0.739902
0.818947
0.735834
0.761789
0.860813
0.742942
0.760334
0.529862
0.37459
0.299359
0.775013
0.650719
0.797796
0.76963
0.898808
0.687045
0.278848
0.126831
0.152558
0.185939
0.205831
0.384239
0.431977
0.559581
0.709133
0.672271
0.747417
0.754059
0.742005
0.593726
0.82103
0.538463
0.486116
0.371573
0.206965
0.379358
0.0914544
0.187271
0.205205
0.0317516
0.10801
0.140998
0.495872
0.274363
0.224542
0.114451
0.420536
0.423958
0.274426
0.28251
0.164472
0.276541
0.638168
0.636848
0.304429
0.108199
0.110685
0.318361
0.475449
0.579153
0.412623
0.428614
0.444358
0.559161
0.474831
0.480099
0.494996
0.586643
0.771377
0.555027
0.80218
0.819024
0.615728
0.60873
0.596167
0.679318
0.301128
0.433057
0.495355
0.503373
0.435453
0.589246
0.748083
0.723361
0.731777
0.61413
0.796387
0.768184
0.754085
0.698448
0.701192
0.675401
0.457849
0.533515
0.67324
0.449559
0.352251
0.379176
0.344238
0.385927
0.482314
0.717909
0.805659
0.750122
0.806184
0.838288
0.909577
0.573481
0.622241
0.659348
0.543494
0.454908
0.264799
0.637501
0.641149
0.30884
0.509803
0.735544
0.821927
0.50504
0.618645
0.416929
0.514492
0.619076
0.661138
0.464263
0.789736
0.552349
0.592335
0.628226
0.632258
0.6331
0.763399
0.329293
0.606331
0.378514
0.509478
0.549732
0.622861
0.830656
0.676026
0.284236
0.763012
0.873504
0.663843
0.237093
0.764271
0.827403
0.121917
0.39738
0.583982
0.681135
0.362347
0.483177
0.422252
0.706256
0.740739
0.887192
0.408781
0.581937
0.626668
0.301648
0.203828
0.15859
0.575547
0.521846
0.788123
0.778243
0.761595
0.732598
0.571712
0.779151
0.830058
0.472988
0.351791
0.514292
0.280036
0.576893
0.23482
0.219002
0.367939
0.662287
0.231546
0.612028
0.746102
0.566544
0.103023
0.401061
0.702786
0.327554
0.120918
0.564927
0.49659
0.64554
0.613955
0.712811
0.629333
0.366933
0.532383
0.441886
0.270539
0.381688
0.582683
0.23639
0.140036
0.491891
0.130144
0.358261
0.405289
0.262351
0.355071
0.218687
0.25021
0.459697
0.343406
0.115732
0.352421
0.534714
0.261057
0.144029
0.341963
0.269618
0.0915383
0.180798
0.400221
0.221986
0.115751
0.228155
0.409894
0.182254
0.142693
0.359419
0.406498
0.120465
0.582829
0.326415
0.644436
0.77257
0.434495
0.729225
0.549641
0.561373
0.652608
0.685145
0.671293
0.652686
0.731023
0.600439
0.583059
0.799271
0.71043
0.882658
0.820962
0.68554
0.766884
0.888635
0.596039
0.750795
0.485437
0.642621
0.302466
0.334064
0.331045
0.55453
0.571127
0.264891
0.465454
0.426944
0.093719
0.145516
0.440013
0.379257
0.300662
0.386237
0.443295
0.539832
0.24423
0.065921
0.403145
0.222184
0.412253
0.411179
0.329777
0.607931
0.622468
0.444367
0.477425
0.640648
0.433166
0.119394
0.383634
0.26835
0.189515
0.096119
0.333931
0.249026
0.299392
0.117728
0.288557
0.683135
0.493943
0.520587
0.748988
0.863202
0.55183
0.177827
0.738362
0.723049
0.293161
0.561386
0.526813
0.0514762
0.504121
0.655414
0.550593
0.454456
0.552568
0.382601
0.614743
0.764558
0.543508
0.831169
0.603021
0.505185
0.392441
0.542156
0.443174
0.533112
0.488233
0.623448
0.779507
0.675643
0.865416
0.646651
0.868906
0.809528
0.67365
0.67018
0.630595
0.553935
0.462843
0.211773
0.332104
0.0916428
0.0634205
0.103806
0.265913
0.488798
0.692573
0.753872
0.544247
0.539455
0.41162
0.514727
0.513027
0.306013
0.383787
0.422322
0.356668
0.0628718
0.144753
0.0737595
0.421728
0.289542
0.549622
0.417402
0.831466
0.755805
0.780693
0.684762
0.81854
0.558648
0.640131
0.636955
0.492712
0.59522
0.556717
0.526365
0.531081
0.527494
0.299253
0.193164
0.575152
0.0706357
0.335209
0.152365
0.453885
0.250142
0.55631
0.361545
0.66377
0.473635
0.580794
0.612506
0.561509
0.402209
0.488574
0.381777
0.395626
0.326019
0.714952
0.789662
0.158604
0.51532
0.578131
0.353273
0.549562
0.485573
0.412549
0.480994
0.39816
0.224289
0.430045
0.491746
0.377601
0.496023
0.271145
0.501373
0.55665
0.491112
0.587424
0.70672
0.683198
0.785974
0.725518
0.68955
0.678643
0.190432
0.180757
0.116494
0.278438
0.264887
0.494316
0.357678
0.752406
0.679734
0.794092
0.788256
0.645529
0.503316
0.55738
0.488207
0.578124
0.383319
0.643554
0.57075
0.50624
0.355638
0.694156
0.610325
0.498524
0.483737
0.5255
0.624012
0.356907
0.377883
0.724546
0.648068
0.733746
0.739491
0.633167
0.631885
0.686414
0.500626
0.470743
0.675055
0.78028
0.859333
0.885766
0.762665
0.497358
0.583821
0.646179
0.622461
0.50256
0.51409
0.62174
0.81555
0.851287
0.64712
0.548833
0.719826
0.709384
0.559482
0.781346
0.453252
0.711536
0.186469
0.569476
0.444862
0.398944
0.450106
0.709211
0.810997
0.93071
0.797762
0.793429
0.893478
0.843996
0.728381
0.626477
0.839508
0.786839
0.706897
0.660081
0.491704
0.382167
0.114409
0.340933
0.39158
0.229488
0.181601
0.268637
0.692306
0.626178
0.733957
0.511048
0.606056
0.845433
0.868071
0.894867
0.875942
0.864858
0.78138
0.760722
0.642963
0.671867
0.485375
0.725067
0.428255
0.721581
0.127658
0.24035
0.30804
0.0986062
0.459834
0.378287
0.456763
0.420947
0.302796
0.494628
0.714752
0.893193
0.84355
0.740835
0.846203
0.630712
0.523623
0.75804
0.632133
0.489319
0.580716
0.772944
0.456246
0.291388
0.563648
0.482361
0.648111
0.171881
0.482879
0.586323
0.609889
0.613242
0.809887
0.529873
0.436864
0.630411
0.80042
0.626208
0.768151
0.727743
0.66214
0.808711
0.530226
0.540522
0.595481
0.44963
0.278423
0.489247
0.441071
0.115011
0.407017
0.466649
0.148164
0.0561306
0.158097
0.145018
0.267726
0.382486
0.469858
0.496403
0.459999
0.546308
0.727416
0.803132
0.74959
0.449327
0.51904
0.676192
0.653929
0.565191
0.468785
0.454332
0.570507
0.652705
0.134915
0.389382
0.582027
0.595764
0.0950508
0.0819422
0.557495
0.417201
0.072846
0.0928953
0.325425
0.402329
0.057862
0.0803418
0.352625
0.344807
0.469045
0.44171
0.518115
0.745723
0.685918
0.518433
0.802112
0.469684
0.485362
0.635038
0.73271
0.579765
0.224749
0.200753
0.384497
0.228034
0.437338
0.600105
0.427897
0.315678
0.492209
0.639695
0.401829
0.204165
0.357237
0.61346
0.119051
0.267634
0.384849
0.469538
0.0793466
