0.172491
0.47894
0.291994
0.334658
0.387843
0.0651022
0.250329
0.334116
0.538909
0.761788
0.806384
0.785241
0.575588
0.68636
0.530705
0.100834
0.306198
0.41539
0.100919
0.106432
0.349621
0.515724
0.0978349
0.231474
0.313908
0.412871
0.331402
0.164429
0.240408
0.163618
0.310453
0.0690576
0.319529
0.239755
0.367716
0.298375
0.303451
0.152645
0.521147
0.427243
0.312315
0.514912
0.419484
0.0377468
0.20332
0.297683
0.0962916
0.156961
0.108388
0.223624
0.33763
0.25241
0.493754
0.31768
0.506881
0.432893
0.305108
0.49175
0.340302
0.19015
0.400348
0.368758
0.355754
0.67671
0.717017
0.728669
0.522593
0.58976
0.447089
0.41873
0.504367
0.45041
0.718734
0.540611
0.585179
0.218991
0.537665
0.538228
0.133939
0.226255
0.0613478
0.11625
0.443525
0.113332
0.0584713
0.104479
0.1753
0.0611823
0.0521615
0.13773
0.147204
0.0503571
0.12101
0.0372862
0.20216
0.107651
0.0736932
0.203221
0.241718
0.345858
0.427962
0.672735
0.615639
0.499281
0.572779
0.56083
0.431798
0.350527
0.519771
0.427661
0.22114
0.358609
0.458254
0.0732144
0.0886259
0.156822
0.0431986
0.294465
0.13765
0.0335945
0.303733
0.0943691
0.357282
0.335989
0.347
0.830281
0.71655
0.810187
0.655233
0.776698
0.657033
0.699541
0.486571
0.24824
0.635607
0.79455
0.430826
0.477365
0.428639
0.624134
0.714153
0.413742
0.540987
0.564192
0.390871
0.531308
0.606534
0.297989
0.327505
0.623768
0.393325
0.135657
0.294185
0.399314
0.278004
0.0597586
0.19013
0.214371
0.349817
0.0693355
0.176471
0.401732
0.284476
0.399287
0.302987
0.34531
0.570605
0.61151
0.592983
0.831698
0.81203
0.864032
0.846117
0.842864
0.727039
0.844842
0.701319
0.181373
0.765348
0.755636
0.250447
0.103482
0.745988
0.531883
0.150742
0.334137
0.179316
0.485139
0.686326
0.725471
0.738009
0.744786
0.738271
0.812925
0.797291
0.578839
0.8088
0.513043
0.785276
0.437107
0.453462
0.674846
0.485765
0.210093
0.402006
0.536661
0.419654
0.338054
0.556914
0.508838
0.195363
0.458148
0.264637
0.549182
0.48997
0.404544
0.537234
0.17636
0.414817
0.113187
0.631924
0.684815
0.794729
0.750063
0.730351
0.740623
0.568497
0.564012
0.317939
0.427248
0.652973
0.217401
0.163264
0.510227
0.339473
0.0988238
0.0855368
0.238564
0.34926
0.0733115
0.428066
0.138821
0.234226
0.373213
0.261075
0.553654
0.760332
0.707526
0.678133
0.702335
0.535308
0.596399
0.799786
0.644356
0.486483
0.452322
0.575384
0.237189
0.173223
0.536987
0.212805
0.353955
0.283526
0.549912
0.260339
0.262653
0.433582
0.403007
0.0838147
0.210448
0.291793
0.169947
0.346321
0.18367
0.299901
0.301062
0.341148
0.0967393
0.088671
0.322427
0.0652772
0.0679884
0.212319
0.254832
0.351654
0.216515
0.4691
0.418406
0.447025
0.460843
0.0738191
0.348551
0.358182
0.40938
0.458694
0.107743
0.269202
0.149625
0.258311
0.388989
0.45312
0.210334
0.187751
0.67534
0.812116
0.917974
0.832782
0.886147
0.909047
0.734702
0.614426
0.900463
0.86863
0.477731
0.547583
0.664327
0.644405
0.431026
0.611446
0.606575
