0.179502
0.26828
0.478188
0.287305
0.516562
0.379854
0.499153
0.231122
0.416358
0.568108
0.497143
0.220826
0.294495
0.126976
0.239547
0.343511
0.130788
0.193571
0.305883
0.109658
0.0836149
0.189015
0.33369
0.181774
0.418211
0.305456
0.351362
0.152587
0.160489
0.146439
0.208633
0.0524981
0.32665
0.0472184
0.0961089
0.377643
0.320331
0.0596074
0.138518
0.234312
0.0848968
0.135644
0.172278
0.284523
0.191976
0.261034
0.553169
0.518704
0.787722
0.63176
0.506616
0.44777
0.456791
0.356051
0.36619
0.289782
0.205729
0.352579
0.398055
0.179131
0.176838
0.144085
0.317769
0.539447
0.360627
0.7431
0.633594
0.304011
0.157226
0.690322
0.507081
0.684706
0.87142
0.73681
0.731914
0.550818
0.327769
0.483185
0.148017
0.576549
0.502546
0.307744
0.310057
0.758799
0.547221
0.577219
0.769807
0.580953
0.665297
0.447319
0.604329
0.777175
0.604167
0.841165
0.823546
0.440324
0.496888
0.694874
0.500545
0.490764
0.611734
0.600957
0.561404
0.600225
0.578097
0.799798
0.579928
0.576922
0.797269
0.888478
0.56091
0.508308
0.863315
0.861209
0.69359
0.69424
0.605452
0.600724
0.625778
0.433841
0.462834
0.514512
0.437002
0.312298
0.269245
0.100716
0.175913
0.580329
0.615532
0.75346
0.459457
0.536408
0.829353
0.728741
0.837713
0.875583
0.896972
0.89378
0.816454
0.276458
0.786284
0.330957
0.797433
0.0689686
0.520712
0.709788
0.818543
0.807902
0.766621
0.873231
0.848011
0.542139
0.652341
0.796031
0.693105
0.458068
0.589279
0.749653
0.847403
0.358086
0.496822
0.894111
0.208549
0.647267
0.307931
0.565968
0.377126
0.181438
0.69506
0.789881
0.579351
0.870221
0.746962
0.474502
0.408828
0.283352
0.683636
0.492594
0.113272
0.313588
0.765648
0.108185
0.501203
0.299387
0.572332
0.516375
0.5782
0.71535
0.38338
0.184928
0.327202
0.567715
0.143096
0.444028
0.250468
0.461377
0.798013
0.384164
0.496801
0.546687
0.83084
0.905899
0.907359
0.812477
0.790451
0.558556
0.690625
0.742266
0.466451
0.299996
0.761456
0.615498
0.327192
0.24011
0.269847
0.43552
0.419202
0.191552
0.239971
0.288368
0.303328
0.290299
0.416057
0.409336
0.687139
0.327895
0.432836
0.565834
0.634256
0.823193
0.915606
0.34172
0.134459
0.530576
0.445687
0.0952918
0.450421
0.286786
0.0840947
0.432474
0.446032
0.0690762
0.0939336
0.265646
0.287796
0.0383743
0.132981
0.187782
0.225501
0.592709
0.362809
0.191568
0.445084
0.418896
0.550112
0.432404
0.493802
0.200391
0.306118
0.283801
0.221805
0.436046
0.502002
0.327768
0.498403
0.408222
0.689768
0.677426
0.467761
0.592061
0.594859
0.509988
0.539072
0.753335
0.701991
0.746909
0.601467
0.483776
0.441077
0.487316
0.57124
0.492998
0.565404
0.324293
0.22761
0.425524
0.515388
0.140447
0.182837
0.549865
0.301406
0.210721
0.271948
0.32758
0.325754
0.164682
0.314403
0.345627
0.301479
0.257532
0.458521
0.467899
0.12695
0.367322
0.245459
0.744135
0.606746
0.669833
0.700981
0.605761
0.673732
0.859587
0.666275
0.769255
0.77639
0.626601
0.657596
0.76439
0.699278
0.653298
0.587652
0.658812
0.743025
0.615917
0.692265
0.81362
0.696476
0.669605
0.480764
0.831305
0.860003
0.769706
0.0693061
0.818713
0.772409
0.60419
0.556104
0.695016
0.73101
0.530081
0.566379
0.621533
0.69454
0.53617
0.408744
0.495023
0.434551
0.508325
0.268366
0.389894
0.303374
0.471283
0.244667
0.447517
0.622595
0.230537
0.200185
0.512881
0.604599
0.687408
0.462103
0.715218
0.56129
0.422948
0.822358
0.404542
0.0296716
0.579726
0.80835
0.412578
0.558023
0.737405
0.720891
0.787028
0.898293
0.909187
0.842713
0.592965
0.550216
0.812265
0.767285
0.854241
0.921508
0.876486
0.575225
0.5346
0.775591
0.872878
0.430634
0.531377
0.818732
0.779554
0.439237
0.570065
0.555218
0.484782
0.461636
0.337208
0.205061
0.415211
0.340703
0.0828103
0.255053
0.369996
0.399838
0.487796
0.626048
0.47167
0.59302
0.646176
0.396734
0.161864
0.152938
0.500459
0.239624
0.295723
0.401266
0.339825
0.201177
0.126072
0.304477
0.427543
0.642646
0.449603
0.560051
0.0840832
0.216113
0.615733
0.624358
0.650699
0.319159
0.247178
0.307296
0.453894
0.202826
0.4674
0.419384
0.571405
0.40209
0.302883
0.648276
0.500225
0.311695
0.425675
0.369242
0.358862
0.258151
0.344443
0.441055
0.644857
0.470399
0.353481
0.653501
0.274257
0.423116
0.537647
0.283706
0.518506
0.429343
0.328985
0.143688
0.554906
0.220628
0.108929
0.317148
0.43078
0.102433
0.27098
0.33213
0.163479
0.0873455
0.355579
0.433853
0.0691871
0.0944417
0.328945
0.0520546
0.31226
0.10418
0.334375
0.234235
0.381918
0.501423
0.414582
0.433849
0.265444
0.428198
0.478055
0.209067
0.268143
0.252778
0.222908
0.317973
0.412748
0.434728
0.458526
0.438306
0.312129
0.286009
0.259744
0.110129
0.543218
0.57703
0.556468
0.571778
0.1838
0.131076
0.367235
0.200284
0.132595
0.132859
0.239676
0.0913825
0.0463639
0.0931542
0.16602
0.0491332
0.149392
0.519046
0.643909
0.410363
0.561793
0.58931
0.744039
0.656446
0.772892
0.551268
