0.684962
0.871477
0.179452
0.56461
0.805688
0.579647
0.601113
0.441922
0.429664
0.438762
0.666304
0.320565
0.424945
0.345807
0.150191
0.147602
0.357756
0.316395
0.0731286
0.234529
0.546207
0.205242
0.090883
0.433436
0.124221
0.644159
0.1485
0.25478
0.438876
0.22313
0.376098
0.350661
0.228088
0.44986
0.858255
0.72215
0.701397
0.582845
0.117466
0.193503
0.645642
0.415838
0.0568909
0.145469
0.275791
0.146407
0.302889
0.264018
0.741953
0.721171
0.321338
0.0907465
0.711558
0.89333
0.884641
0.903527
0.821031
0.758949
0.604584
0.437427
0.296861
0.115413
0.413751
0.4426
0.2812
0.119246
0.195127
0.436641
0.653948
0.419071
0.751067
0.6603
0.44809
0.158597
0.467414
0.587595
0.782652
0.845083
0.777548
0.712253
0.518855
0.731251
0.659166
0.150887
0.382233
0.287003
0.284505
0.396246
0.468883
0.418666
0.633177
0.564544
0.654491
0.640374
0.461328
0.564133
0.694999
0.644348
0.664772
0.795336
0.633426
0.616529
0.700442
0.506614
0.564495
0.794314
0.452423
0.546902
0.699317
0.562892
0.655868
0.618344
0.5999
0.680986
0.691991
0.646532
0.550889
0.734216
0.756466
0.592264
0.605487
0.428622
0.492836
0.663407
0.465667
0.411853
0.562924
0.44027
0.350036
0.363085
0.122367
0.422269
0.623494
0.644569
0.625734
0.603197
0.548818
0.486103
0.552743
0.679871
0.735944
0.668042
0.73778
0.513237
0.211952
0.655967
0.383675
0.607238
0.111624
0.600217
0.810339
0.764039
0.797185
0.784106
0.796183
0.80153
0.381707
0.681802
0.660679
0.568883
0.283543
0.578044
0.691148
0.347873
0.111235
0.302495
0.637081
0.0604593
0.522932
0.268499
0.492229
0.373769
0.617115
0.621916
0.828194
0.741893
0.758069
0.445023
0.807678
0.717196
0.73566
0.822112
0.627568
0.324367
0.613536
0.362573
0.605068
0.369511
0.41341
0.558145
0.70752
0.266561
0.100753
0.311432
0.564156
0.0799875
0.228967
0.213225
0.440606
0.681811
0.434806
0.381071
0.583992
0.817747
0.842316
0.887777
0.753907
0.669169
0.266218
0.503608
0.611189
0.427237
0.38944
0.452205
0.560732
0.315822
0.25153
0.340544
0.489972
0.35417
0.176422
0.301556
0.316094
0.104724
0.178822
0.304467
0.145854
0.296854
0.318391
0.494426
0.453402
0.768694
0.793475
0.859773
0.302897
0.3227
0.391344
0.447465
0.206221
0.705924
0.604742
0.196139
0.588877
0.661197
0.23217
0.163535
0.606068
0.416963
0.106135
0.50992
0.0865872
0.276103
0.352523
0.360888
0.281518
0.724717
0.510189
0.627207
0.658142
0.773379
0.419068
0.660508
0.826793
0.771598
0.735241
0.865036
0.731435
0.384746
0.564367
0.505486
0.826476
0.75335
0.834165
0.80387
0.840679
0.642563
0.480382
0.645221
0.47017
0.449621
0.494165
0.766332
0.799995
0.770783
0.776089
0.776506
0.817959
0.666983
0.714016
0.650768
0.680158
0.314128
0.208187
0.459673
0.4041
0.0986691
0.309858
0.62623
0.338422
0.30124
0.379224
0.435856
0.437932
0.39569
0.529309
0.571408
0.634787
0.757297
0.650703
0.786109
0.742642
0.806363
0.5646
0.723268
0.64528
0.559591
0.545578
0.507123
0.513269
0.340306
0.689962
0.4656
0.473733
0.645873
0.78298
0.860308
0.844369
0.850392
0.721593
0.550411
0.51405
0.681821
0.796268
0.445107
0.423698
0.241209
0.58036
0.444857
0.353318
0.146399
0.23287
0.127248
0.0706623
0.259118
0.430275
0.203876
0.225811
0.544894
0.520677
0.278983
0.529537
0.62661
0.204871
0.235433
0.441147
0.0979086
0.452592
0.331247
0.631637
0.612098
0.780272
0.702008
0.791365
0.470261
0.436428
0.197403
0.262105
0.168396
0.255089
0.535473
0.201536
0.512896
0.39178
0.501256
0.568136
0.435174
0.557129
0.45311
0.583476
0.504019
0.437428
0.303649
0.591226
0.405724
0.460136
0.519324
0.447111
0.412124
0.268205
0.3894
0.32454
0.326745
0.146686
0.329055
0.227991
0.199798
0.150617
0.488554
0.763494
0.48189
0.787057
0.525776
0.807126
0.733608
