0.566218
0.438881
0.749166
0.927346
0.310252
0.661268
0.857003
0.614391
0.64706
0.486723
0.440453
0.33772
0.455268
0.273925
0.40668
0.390498
0.203058
0.206555
0.375572
0.316017
0.0967044
0.320242
0.63626
0.262144
0.130623
0.558514
0.356714
0.790266
0.301678
0.29236
0.452529
0.239949
0.421439
0.282017
0.180739
0.075897
0.504486
0.460857
0.322938
0.358836
0.0813167
0.125352
0.437142
0.276898
0.0581441
0.146759
0.257315
0.0772132
0.35086
0.247715
0.753913
0.590337
0.300309
0.0353006
0.512615
0.873697
0.879779
0.800346
0.64111
0.557297
0.536212
0.422657
0.293839
0.111809
0.320911
0.330608
0.276452
0.101958
0.119779
0.363361
0.689956
0.433229
0.712469
0.571821
0.383143
0.111497
0.548613
0.606521
0.762545
0.825287
0.784374
0.699571
0.470264
0.559969
0.535151
0.160241
0.385055
0.285459
0.295218
0.360801
0.441608
0.380946
0.570792
0.560722
0.589301
0.628293
0.464371
0.538975
0.74835
0.610152
0.705577
0.740993
0.571499
0.505953
0.547668
0.46221
0.49872
0.766413
0.452653
0.521636
0.652144
0.523402
0.669714
0.622045
0.61091
0.677203
0.733116
0.642446
0.561451
0.761002
0.765366
0.590923
0.589297
0.417708
0.457639
0.630199
0.463876
0.391769
0.551644
0.407175
0.339592
0.345316
0.122872
0.381016
0.63543
0.548844
0.64058
0.630107
0.538352
0.396928
0.521574
0.676158
0.753911
0.698758
0.763018
0.569309
0.205865
0.663132
0.424901
0.576339
0.0807627
0.526781
0.731844
0.730473
0.791143
0.737593
0.714865
0.749947
0.398062
0.646367
0.628977
0.540544
0.199825
0.568515
0.653878
0.325233
0.0995267
0.354439
0.696488
0.0584074
0.485806
0.236749
0.452481
0.398023
0.545481
0.526227
0.77104
0.678577
0.673748
0.437319
0.7671
0.693706
0.739632
0.830648
0.588556
0.31266
0.552472
0.382481
0.588906
0.332179
0.350543
0.541939
0.62803
0.372551
0.128055
0.261959
0.491094
0.125448
0.256424
0.164919
0.457871
0.569881
0.332324
0.390402
0.586393
0.818545
0.844522
0.885084
0.777802
0.688818
0.340445
0.497417
0.613025
0.468397
0.41341
0.430048
0.542708
0.304194
0.229009
0.341176
0.470491
0.336229
0.181659
0.342784
0.276359
0.17819
0.148107
0.3165
0.124913
0.24384
0.276664
0.422918
0.465647
0.752641
0.792695
0.897659
0.341815
0.381397
0.439638
0.438991
0.169849
0.704396
0.551538
0.14918
0.461319
0.644041
0.145507
0.129147
0.506787
0.290375
0.0625979
0.550398
0.0889272
0.151589
0.388582
0.338651
0.195984
0.689838
0.498169
0.647277
0.690288
0.816546
0.485355
0.713748
0.825999
0.768776
0.693894
0.757651
0.710768
0.38491
0.518851
0.587161
0.849096
0.785538
0.845478
0.772386
0.814238
0.719855
0.48953
0.555004
0.427492
0.444333
0.381173
0.767103
0.826347
0.795093
0.775783
0.711229
0.714543
0.656586
0.705087
0.669342
0.699428
0.32392
0.1721
0.43236
0.37156
0.130437
0.389511
0.618002
0.316174
0.391348
0.377376
0.414253
0.454198
0.491633
0.546629
0.495024
0.676268
0.798083
0.627916
0.824386
0.831543
0.744495
0.485431
0.545325
0.579586
0.553139
0.495526
0.437881
0.512124
0.339955
0.658154
0.370355
0.446407
0.594727
0.770179
0.848773
0.834377
0.822257
0.690958
0.723677
0.517112
0.808762
0.798936
0.429096
0.429878
0.287955
0.586396
0.467953
0.383775
0.158814
0.22604
0.106205
0.0549072
0.202958
0.432303
0.169648
0.164886
0.490839
0.48059
0.240219
0.419463
0.5137
0.173037
0.204558
0.373404
0.0695839
0.350845
0.2999
0.582729
0.607908
0.757244
0.667606
0.814346
0.450337
0.401873
0.149694
0.16814
0.0769365
0.243054
0.483243
0.178269
0.52346
0.369711
0.475445
0.444046
0.378277
0.415201
0.550309
0.570159
0.461986
0.585687
0.280522
0.501325
0.413869
0.504184
0.407277
0.326
0.359116
0.22933
0.277118
0.225572
0.296191
0.115349
0.253793
0.214015
0.211108
0.197549
0.492217
0.743341
0.472202
0.762265
0.611054
0.840038
0.837055
