0.783142
0.540047
0.653287
0.42542
0.755933
0.588901
0.869576
0.816739
0.663795
0.445515
0.751026
0.368155
0.419542
0.57739
0.79806
0.867728
0.763363
0.604754
0.440426
0.510186
0.336251
0.351413
0.42912
0.355814
0.171883
0.273793
0.562919
0.183489
0.48115
0.317631
0.509046
0.371919
0.441127
0.598939
0.519928
0.444164
0.505503
0.664115
0.655821
0.735376
0.610701
0.626777
0.735582
0.471482
0.518382
0.382468
0.570197
0.722127
0.359962
0.549434
0.79421
0.407184
0.114108
0.1387
0.306778
0.231823
0.723957
0.391861
0.255423
0.478555
0.484645
0.343803
0.492674
0.452444
0.361102
0.186144
0.326153
0.179128
0.322482
0.204676
0.105304
0.325935
0.126419
0.0976419
0.22679
0.237117
0.388484
0.453738
0.710786
0.607221
0.462305
0.35279
0.689078
0.45182
0.533086
0.566636
0.357057
0.482891
0.667608
0.348834
0.397844
0.510295
0.759636
0.434984
0.327438
0.534461
0.579042
0.760983
0.465882
0.759896
0.661781
0.712707
0.845044
0.829799
0.601277
0.438644
0.817096
0.82498
0.76686
0.658222
0.758255
0.642881
0.26902
0.780421
0.424062
0.52436
0.391738
0.812452
0.652055
0.901044
0.922217
0.920574
0.904159
0.643095
0.661433
0.316177
0.573759
0.194938
0.265458
0.497237
0.317808
0.46266
0.772285
0.5302
0.458747
0.809565
0.61617
0.512483
0.799028
0.893564
0.473507
0.645225
0.780939
0.511047
0.248021
0.598026
0.711439
0.618295
0.663053
0.460517
0.436062
0.403944
0.369168
0.140563
0.631229
0.847507
0.913821
0.722718
0.746276
0.470625
0.39286
0.530247
0.499922
0.304121
0.505853
0.482571
0.363434
0.0589344
0.259971
0.438022
0.200058
0.324397
0.159809
0.212605
0.158626
0.507926
0.39404
0.453807
0.447965
0.523794
0.620966
0.59722
0.898997
0.267889
0.706745
0.670282
0.432508
0.225061
0.408284
0.194894
0.103223
0.09445
0.249458
0.0566782
0.346772
0.305992
0.235173
0.465244
0.604774
0.653573
0.625321
0.266204
0.514144
0.365202
0.139127
0.321376
0.683999
0.25115
0.23962
0.706481
0.41874
0.166827
0.439258
0.693306
0.16411
0.727725
0.5296
0.876872
0.724681
0.625227
0.787642
0.605655
0.635847
0.848119
0.856423
0.837372
0.902739
0.803665
0.761514
0.820596
0.788986
0.624415
0.586275
0.79984
0.410203
0.580918
0.430489
0.50347
0.283471
0.315643
0.122535
0.251771
0.132721
0.429348
0.58096
0.409959
0.432555
0.504299
0.52099
0.680839
0.429289
0.67226
0.484856
0.263022
0.231654
0.390908
0.304605
0.279486
0.205299
0.600772
0.405914
0.890755
0.926603
0.965665
0.950841
0.947121
0.655029
0.510198
0.841002
0.874372
0.814731
0.765194
0.847124
0.484386
0.278583
0.798101
0.778386
0.568812
0.248749
0.753912
0.586643
0.420719
0.400643
0.225353
0.153873
0.291022
0.125609
0.495547
0.217988
0.715345
0.661603
0.48265
0.624071
0.491432
0.414974
0.314009
0.422682
0.551537
0.610805
0.420153
0.421683
0.342187
0.223399
0.431954
0.643669
0.435262
0.653266
0.550606
0.348526
0.54605
0.445111
0.44303
0.250761
0.411345
0.295504
0.156104
0.365605
0.387005
0.0720789
0.215411
0.417774
0.0429324
0.376259
0.140459
0.405879
0.231995
0.423683
0.33733
0.667939
0.11521
0.7307
0.879306
0.945133
0.382209
0.017476
0.762847
0.610767
0.195444
0.616585
0.798168
0.269451
0.10032
0.789767
0.643383
0.397143
0.285623
0.076174
0.173574
0.22616
0.265915
0.459088
0.348094
0.50474
0.541429
0.665222
0.574835
0.836458
0.711588
0.800491
0.883309
0.823419
0.823735
0.730759
0.534787
0.338795
0.513874
0.384026
0.758347
0.617359
0.396628
0.674436
0.710336
0.388961
0.593582
0.666264
0.546586
0.845483
0.823124
0.266615
0.781349
0.766351
0.588445
0.514619
0.632808
0.460599
0.34516
0.113609
0.22743
0.358129
0.511508
0.230274
0.243496
0.423948
0.737797
0.1426
0.203974
0.131248
0.539401
0.322321
0.573491
0.808526
0.935561
0.629578
0.653518
0.893247
0.918604
0.719889
0.627539
0.732528
0.410522
0.438461
0.593197
0.753827
0.889294
0.764566
0.830055
0.765216
0.377833
0.374055
0.185788
0.110777
0.234228
0.198499
0.491767
0.800628
0.76663
0.552932
0.426685
0.706992
0.450914
0.391694
0.318733
0.637624
0.394434
0.623117
0.476456
0.512152
0.662531
0.768905
0.670491
0.293909
0.549446
0.765204
0.602348
0.268938
0.785683
0.838618
0.422049
0.309884
0.541869
0.542505
0.276114
0.289146
0.263224
0.107616
0.640925
0.369009
0.355093
0.765316
0.743629
0.171515
0.877667
0.765588
0.441869
0.262647
0.608076
0.237361
0.343202
0.538028
0.731521
0.408415
0.582152
0.72951
0.476911
0.54532
0.674731
0.722337
0.409052
0.714402
0.635987
0.642755
0.338301
0.307599
0.360129
0.41004
0.489112
0.471039
0.614656
0.544598
0.487043
0.421172
0.629496
0.746578
0.873822
0.890653
0.940978
0.678357
0.50153
0.459883
0.896204
0.695221
0.402207
0.646282
0.76831
0.226072
0.398106
0.787247
0.420902
0.167287
0.170969
0.310143
0.406022
0.536715
0.462143
0.540769
0.548939
0.323004
0.226422
0.345514
0.39447
0.861173
0.945997
0.517924
0.797354
0.736125
0.219807
0.525217
0.567049
0.651691
0.379628
0.50858
0.579771
0.418542
0.415658
0.550095
0.532034
0.329352
0.482359
0.491751
0.220841
0.0663143
0.151729
0.321106
0.375968
0.0456202
