0.350165
0.693642
0.580685
0.566108
0.651447
0.417152
0.745406
0.553731
0.843066
0.821191
0.6249
0.364097
0.749535
0.40986
0.442646
0.591321
0.77029
0.875686
0.70408
0.560454
0.395585
0.504434
0.289035
0.315125
0.398484
0.325566
0.1688
0.248436
0.525761
0.191931
0.490002
0.32886
0.507724
0.349011
0.440486
0.598852
0.511255
0.419588
0.48176
0.663881
0.641092
0.72613
0.59157
0.61502
0.753246
0.472537
0.514137
0.36635
0.580954
0.720806
0.365601
0.559926
0.795657
0.370584
0.105288
0.138961
0.309317
0.208254
0.720887
0.396811
0.261371
0.489417
0.480615
0.36391
0.484247
0.460654
0.351046
0.194748
0.323807
0.18395
0.32106
0.230331
0.111312
0.342193
0.144121
0.129767
0.245688
0.249366
0.381472
0.448471
0.688713
0.59648
0.443219
0.320723
0.67227
0.447038
0.503538
0.571034
0.328198
0.447844
0.651559
0.380827
0.401289
0.542903
0.753998
0.451324
0.356996
0.581631
0.585388
0.768253
0.438676
0.78434
0.673009
0.687002
0.849096
0.855471
0.605358
0.417581
0.823867
0.825768
0.746098
0.671246
0.766576
0.638774
0.297493
0.714805
0.465642
0.629233
0.386992
0.797344
0.61602
0.874048
0.917897
0.902758
0.896957
0.617549
0.650452
0.316723
0.576561
0.193146
0.280152
0.485736
0.296127
0.465402
0.805068
0.52825
0.438718
0.811509
0.591612
0.496612
0.814094
0.883918
0.456059
0.668288
0.807494
0.566359
0.286338
0.531107
0.703545
0.542125
0.64187
0.421917
0.406855
0.387359
0.339798
0.125696
0.601891
0.869055
0.910687
0.729456
0.742265
0.451816
0.389105
0.48999
0.477875
0.273106
0.470389
0.460228
0.332662
0.0614127
0.264422
0.467662
0.189733
0.30501
0.16463
0.200929
0.178497
0.441344
0.399146
0.47963
0.398377
0.527184
0.595915
0.571564
0.893249
0.297366
0.696426
0.664412
0.458793
0.224195
0.404074
0.194001
0.104834
0.101023
0.240718
0.0705839
0.32848
0.336021
0.209325
0.385401
0.619297
0.5957
0.564177
0.278333
0.471904
0.341667
0.0928604
0.257737
0.635104
0.227104
0.165834
0.58787
0.437626
0.171292
0.432555
0.62624
0.207541
0.707511
0.508595
0.873654
0.749778
0.567876
0.806935
0.604173
0.638007
0.839872
0.850705
0.863952
0.906611
0.784375
0.762147
0.804402
0.782209
0.558995
0.591021
0.784233
0.398351
0.534066
0.432332
0.453207
0.273937
0.33368
0.136215
0.27631
0.166467
0.433317
0.593898
0.427159
0.423691
0.481871
0.470322
0.661467
0.424433
0.686565
0.481969
0.225024
0.179827
0.364025
0.282218
0.311429
0.127317
0.50545
0.34261
0.87398
0.916855
0.96956
0.952456
0.945352
0.659732
0.508792
0.845648
0.873623
0.776246
0.754075
0.860764
0.460807
0.311918
0.812743
0.779278
0.558962
0.299543
0.772094
0.576263
0.336582
0.35936
0.169136
0.147686
0.265413
0.128412
0.414402
0.220048
0.638803
0.623072
0.476722
0.606283
0.501727
0.409297
0.306479
0.430418
0.539346
0.610649
0.431719
0.421546
0.321324
0.25243
0.444299
0.650645
0.432858
0.594312
0.506508
0.343901
0.501439
0.38852
0.428001
0.262768
0.37936
0.281074
0.144764
0.329462
0.352612
0.0646485
0.18567
0.386097
0.0402837
0.360073
0.123223
0.40369
0.246654
0.447772
0.248749
0.62115
0.0865922
0.696311
0.894174
0.94348
0.292149
0.0275816
0.752436
0.537809
0.196636
0.66025
0.786559
0.266029
0.144708
0.780204
0.582103
0.383569
0.314489
0.0959427
0.153107
0.255908
0.291804
0.481599
0.335874
0.47099
0.523664
0.612002
0.577766
0.837196
0.739042
0.841533
0.898865
0.831191
0.832445
0.736551
0.5384
0.326888
0.520621
0.389353
0.754611
0.597243
0.410068
0.717895
0.725925
0.409371
0.580483
0.75507
0.535205
0.863424
0.819694
0.237651
0.787212
0.765553
0.574503
0.516273
0.645342
0.459314
0.341141
0.107869
0.210735
0.405535
0.518731
0.217556
0.246782
0.414838
0.775884
0.136655
0.208181
0.0939431
0.542611
0.305417
0.537089
0.806006
0.943629
0.586204
0.622445
0.910515
0.919916
0.724266
0.647511
0.793852
0.441229
0.459271
0.668295
0.676361
0.883754
0.788508
0.836976
0.769381
0.362371
0.338636
0.1748
0.104316
0.199962
0.206874
0.469778
0.787998
0.713226
0.54461
0.400962
0.632277
0.449614
0.358684
0.298844
0.591724
0.42363
0.608807
0.494695
0.536362
0.665797
0.73011
0.677636
0.263999
0.530813
0.769321
0.584658
0.277801
0.770543
0.849048
0.405472
0.321424
0.528497
0.559838
0.224008
0.279419
0.22063
0.0985712
0.68743
0.344642
0.3421
0.782234
0.760389
0.140361
0.796829
0.795089
0.39354
0.244207
0.611462
0.228739
0.318091
0.529313
0.706065
0.39786
0.567924
0.7098
0.468888
0.516373
0.660851
0.71536
0.400554
0.713235
0.616007
0.645684
0.340892
0.323991
0.430627
0.418381
0.501001
0.568267
0.586515
0.575429
0.51118
0.452883
0.6786
0.75964
0.890702
0.888761
0.950884
0.727058
0.512031
0.541108
0.91525
0.702902
0.448546
0.705774
0.7957
0.236567
0.415595
0.790771
0.417509
0.212427
0.169024
0.314647
0.405785
0.54661
0.460373
0.581491
0.55019
0.3334
0.259826
0.383178
0.404352
0.88024
0.942538
0.503279
0.740292
0.75814
0.269124
0.541514
0.58953
0.664148
0.353353
0.511903
0.565705
0.414554
0.41407
0.529222
0.506376
0.336342
0.503175
0.503186
0.233645
0.094946
0.192357
0.336849
0.315902
