0.567482
0.276922
0.229776
0.684112
0.227723
0.575231
0.691924
0.642029
0.783901
0.629733
0.449102
0.212822
0.229006
0.337986
0.497302
0.411001
0.584169
0.409345
0.588405
0.878312
0.879179
0.884374
0.773695
0.826859
0.768287
0.816626
0.810098
0.884438
0.781769
0.739161
0.729363
0.723007
0.414736
0.605577
0.519427
0.271817
0.361086
0.335655
0.659841
0.733336
0.792675
0.758974
0.631557
0.695956
0.621802
0.823711
0.653886
0.529193
0.769788
0.867571
0.805469
0.896823
0.873722
0.788332
0.681592
0.514358
0.647641
0.880387
0.775263
0.660287
0.501802
0.318844
0.342712
0.328747
0.552334
0.595352
0.610465
0.506809
0.624149
0.532286
0.543563
0.377663
0.450886
0.239484
0.223263
0.330447
0.311171
0.217864
0.108522
0.234142
0.325088
0.607974
0.465761
0.234392
0.312303
0.378563
0.411488
0.28504
0.569442
0.630597
0.345966
0.316862
0.438453
0.441987
0.322095
0.148576
0.169827
0.0327412
0.126259
0.429895
0.114369
0.0759944
0.436878
0.46654
0.144602
0.229045
0.38039
0.358666
0.162475
0.20887
0.15848
0.504059
0.556733
0.501435
0.435701
0.292732
0.523716
0.48441
0.314313
0.568025
0.541137
0.388098
0.341688
0.49202
0.366861
0.362143
0.339652
0.381195
0.667279
0.429117
0.700053
0.653357
0.449881
0.455488
0.647748
0.473812
0.552128
0.57491
0.463624
0.439851
0.518727
0.375391
0.290853
0.427888
0.461379
0.216466
0.122587
0.254826
0.426326
0.161818
0.367222
0.256176
0.0777276
0.387724
0.241031
0.161181
0.614558
0.522941
0.339574
0.368526
0.632232
0.483082
0.166841
0.525829
0.60296
0.177739
0.387229
0.517098
0.706625
0.369721
0.437831
0.448564
0.526732
0.319173
0.0440969
0.720527
0.474534
0.256179
0.507691
0.514754
0.193645
0.368816
0.533045
0.591947
0.438536
0.687814
0.515669
0.655666
0.356634
0.274371
0.561139
0.515903
0.684146
0.721162
0.442241
0.276354
0.557807
0.715667
0.36738
0.295349
0.434874
0.592249
0.452609
0.564804
0.438286
0.184752
0.194448
0.275162
0.660162
0.517396
0.664282
0.427947
0.445981
0.319742
0.662
0.455248
0.392186
0.355771
0.66756
0.383791
0.422835
0.769838
0.587281
0.423359
0.552266
0.671874
0.319687
0.43095
0.56611
0.75344
0.85334
0.856522
0.818648
0.534075
0.461388
0.672523
0.522788
0.429882
0.639905
0.627875
0.31787
0.313737
0.523255
0.426199
0.263466
0.325493
0.343544
0.431969
0.510255
0.369633
0.0617169
0.411213
0.370084
0.367331
0.0327503
0.537532
0.588182
0.637647
0.856171
0.866022
0.607428
0.747014
0.73469
0.651374
0.447114
0.37845
0.35406
0.563383
0.544788
0.365373
0.461526
0.819285
0.615761
0.395601
0.741613
0.790731
0.563617
0.46513
0.478225
0.498179
0.3819
0.0691019
0.104919
0.50153
0.285156
0.0896925
0.385928
0.162058
0.589587
0.607858
0.27383
0.599415
0.49377
0.484876
0.392672
0.43715
0.56359
0.432156
0.729187
0.856958
0.803353
0.656879
0.512188
0.458076
0.760995
0.783693
0.608757
0.565316
0.402869
0.321142
0.558501
0.390809
0.348004
0.523595
0.303435
0.2151
0.163305
0.377596
0.581632
0.176091
0.197559
0.357325
0.566566
0.201277
0.330255
0.689149
0.438458
0.264655
0.635112
0.270365
0.451185
0.662099
0.78482
0.517253
0.793785
0.87157
0.613498
0.606873
0.784959
0.625119
0.180813
0.609833
0.516424
0.32229
0.209566
0.322337
0.499996
0.102441
0.155338
0.103727
0.578142
0.496356
0.170254
0.138945
0.569774
0.376864
0.609329
0.480982
0.467062
0.210835
0.49001
0.653078
0.63487
0.624037
0.527876
0.72586
0.709761
0.496216
0.659885
0.724785
0.464749
0.597956
0.661118
0.691178
0.786548
0.805191
0.798994
0.651882
0.745012
0.836091
0.712282
0.627512
0.785703
0.507474
0.492786
0.445123
0.613116
0.488638
0.540732
0.188247
0.567876
0.587045
0.460053
0.594995
0.455676
0.4912
0.320427
0.670264
0.377101
0.300794
0.379036
0.172481
0.430714
0.678338
0.562356
0.762391
0.601944
0.701025
0.803255
0.714412
0.846087
0.891421
0.778459
0.826323
0.874172
0.83927
0.845036
0.884138
0.79837
0.865461
0.816111
0.80616
0.704665
0.741643
0.681056
0.7945
