0.595345
0.396664
0.79608
0.942474
0.330538
0.690597
0.892209
0.577678
0.628165
0.372163
0.407452
0.412902
0.636318
0.320481
0.364325
0.372094
0.172539
0.172446
0.342694
0.282451
0.0716894
0.275796
0.620663
0.238034
0.0914813
0.497524
0.312813
0.78842
0.238943
0.315747
0.407596
0.137445
0.375407
0.322482
0.200749
0.338397
0.866348
0.747258
0.718595
0.633949
0.173863
0.205892
0.755834
0.434785
0.0541195
0.110557
0.21617
0.0920123
0.314924
0.173005
0.7601
0.626367
0.301537
0.131398
0.787265
0.89925
0.898487
0.911948
0.849558
0.863511
0.728208
0.635767
0.355274
0.159063
0.488494
0.407438
0.250128
0.0945236
0.147472
0.369402
0.728414
0.461014
0.715474
0.486922
0.368343
0.118347
0.565801
0.57963
0.781231
0.863526
0.78132
0.702051
0.514177
0.786862
0.723232
0.20401
0.335108
0.189095
0.342626
0.402517
0.350107
0.319404
0.573954
0.53119
0.565947
0.521219
0.383815
0.543358
0.74707
0.667234
0.724681
0.785887
0.647904
0.57314
0.573862
0.498778
0.533781
0.756242
0.425654
0.546901
0.694153
0.530082
0.705214
0.652463
0.652267
0.661332
0.732214
0.665506
0.561688
0.72611
0.776513
0.55764
0.631719
0.43265
0.457333
0.688872
0.483922
0.394819
0.57362
0.490248
0.360217
0.339591
0.199066
0.447128
0.673812
0.642251
0.719711
0.624523
0.544084
0.531535
0.563341
0.711181
0.724528
0.733645
0.759796
0.587834
0.214997
0.722023
0.389879
0.535928
0.173972
0.491195
0.695918
0.674382
0.74444
0.732038
0.766585
0.759025
0.255391
0.683889
0.653378
0.507743
0.173334
0.608096
0.687601
0.342445
0.129911
0.407358
0.703278
0.0849803
0.522292
0.224054
0.472161
0.418291
0.522497
0.508787
0.766383
0.672123
0.671178
0.387089
0.793052
0.718253
0.751542
0.846245
0.639999
0.320108
0.539265
0.347296
0.567433
0.320152
0.330994
0.438395
0.601428
0.407863
0.121415
0.33085
0.572094
0.174944
0.276207
0.239131
0.477379
0.644901
0.418516
0.363235
0.531867
0.805518
0.788415
0.866948
0.763059
0.671751
0.294042
0.488926
0.572556
0.470577
0.44962
0.380243
0.511237
0.351217
0.295462
0.415918
0.476671
0.375181
0.210982
0.370679
0.365606
0.210435
0.166558
0.357732
0.112587
0.344138
0.303797
0.382696
0.423017
0.736056
0.780736
0.870147
0.353551
0.390043
0.409406
0.428361
0.244377
0.678016
0.57773
0.210152
0.484091
0.668136
0.289879
0.169083
0.534608
0.392819
0.0864682
0.546524
0.0917379
0.164243
0.396263
0.436302
0.265049
0.725203
0.45352
0.650535
0.680378
0.808603
0.449924
0.718372
0.852377
0.754794
0.806122
0.885707
0.77283
0.427289
0.590597
0.588929
0.844474
0.768493
0.833223
0.786417
0.830471
0.712353
0.500589
0.590392
0.466591
0.44882
0.421251
0.756967
0.817392
0.791458
0.785886
0.743337
0.732506
0.656261
0.690711
0.672504
0.747532
0.296144
0.212092
0.438662
0.390964
0.127903
0.406874
0.637682
0.33481
0.387412
0.440457
0.471754
0.470642
0.45786
0.526799
0.491752
0.733381
0.735466
0.596003
0.813138
0.792116
0.664853
0.466298
0.635611
0.550341
0.65765
0.556305
0.411869
0.458142
0.273318
0.577745
0.414627
0.419025
0.523015
0.697877
0.79177
0.73822
0.760486
0.638696
0.665573
0.486695
0.750445
0.714644
0.406823
0.398163
0.290657
0.569735
0.416324
0.360042
0.235478
0.209598
0.115093
0.0889558
0.236624
0.428285
0.174105
0.265978
0.540276
0.424495
0.237582
0.441216
0.519282
0.129854
0.222531
0.343006
0.070742
0.363726
0.259331
0.53376
0.56182
0.656487
0.619413
0.707765
0.438999
0.343644
0.217017
0.113311
0.110186
0.176571
0.462287
0.269996
0.458539
0.405448
0.403385
0.447729
0.368919
0.466301
0.510022
0.507388
0.414977
0.537937
0.214587
0.418865
0.374802
0.430891
0.354745
0.304253
0.355442
0.225065
0.309366
0.301295
0.318256
0.155112
0.271083
0.213636
0.149066
0.198575
0.470193
0.757571
0.49126
0.783893
0.515851
0.80779
0.805188
