0.389781
0.74733
0.615281
0.558918
0.675201
0.433986
0.715567
0.618608
0.862796
0.847483
0.658813
0.403336
0.727661
0.412782
0.423351
0.592952
0.824709
0.877397
0.743281
0.561676
0.398921
0.510338
0.314959
0.30333
0.358785
0.300555
0.151285
0.236629
0.465526
0.171733
0.439879
0.326079
0.498143
0.367534
0.454306
0.586259
0.557828
0.439518
0.488725
0.667093
0.644493
0.723445
0.602171
0.612206
0.754789
0.453504
0.51017
0.371175
0.578788
0.719773
0.351854
0.554409
0.806641
0.365962
0.123057
0.138705
0.322168
0.223727
0.720878
0.370825
0.263588
0.484512
0.448762
0.344365
0.497329
0.440552
0.260802
0.154392
0.252865
0.115155
0.265884
0.201216
0.111262
0.310522
0.143189
0.107079
0.234584
0.258813
0.36589
0.424411
0.632921
0.53926
0.39052
0.283931
0.614497
0.361322
0.437669
0.541698
0.322768
0.440902
0.669446
0.346757
0.390991
0.581809
0.772705
0.424444
0.335596
0.560696
0.571738
0.752786
0.433279
0.751379
0.665958
0.667172
0.815221
0.834713
0.590565
0.402874
0.803169
0.815545
0.767505
0.657141
0.743677
0.659408
0.309237
0.73789
0.459694
0.567714
0.349897
0.789802
0.64976
0.900341
0.921194
0.914631
0.902567
0.64517
0.648056
0.324951
0.544477
0.175384
0.259694
0.492841
0.333305
0.472149
0.809492
0.524861
0.472706
0.792801
0.628723
0.538116
0.796228
0.885497
0.493119
0.677493
0.790636
0.542523
0.294388
0.590032
0.729291
0.600794
0.683409
0.439425
0.426234
0.410553
0.357506
0.137078
0.647584
0.863955
0.925641
0.746543
0.753699
0.507097
0.385991
0.520522
0.519923
0.345646
0.501713
0.465368
0.387303
0.0704523
0.249694
0.466499
0.203761
0.319948
0.198726
0.218717
0.198323
0.481738
0.427272
0.574456
0.425026
0.510794
0.597086
0.573503
0.899893
0.340817
0.712679
0.677315
0.444287
0.272552
0.434265
0.204648
0.131369
0.11243
0.294803
0.0943348
0.324685
0.370409
0.263838
0.433974
0.638043
0.593431
0.543444
0.277816
0.45648
0.342819
0.100796
0.253058
0.647462
0.237288
0.194495
0.616082
0.428544
0.199376
0.485905
0.666599
0.22734
0.714908
0.514294
0.8706
0.77408
0.568341
0.811393
0.606495
0.638143
0.847742
0.860898
0.846717
0.902082
0.796228
0.770662
0.837364
0.796393
0.613742
0.607219
0.810902
0.379773
0.565885
0.468149
0.513029
0.285298
0.300212
0.126108
0.221397
0.133203
0.421283
0.505565
0.390469
0.387473
0.509825
0.43954
0.718703
0.411517
0.668908
0.477141
0.252505
0.252078
0.398751
0.316491
0.31351
0.147414
0.537634
0.353335
0.911329
0.913785
0.968816
0.949298
0.950401
0.687375
0.488291
0.872114
0.891303
0.803655
0.770745
0.864871
0.45187
0.281704
0.799585
0.791265
0.555691
0.260723
0.769725
0.612162
0.456737
0.415757
0.206118
0.152214
0.249149
0.124198
0.353621
0.189907
0.609458
0.594462
0.455769
0.62762
0.533909
0.419183
0.287159
0.406979
0.52417
0.569043
0.416603
0.418208
0.318399
0.204711
0.424541
0.598999
0.413634
0.632088
0.463869
0.306472
0.471591
0.391829
0.384154
0.225356
0.381568
0.277605
0.141009
0.372331
0.416732
0.077442
0.211331
0.43301
0.044872
0.383421
0.1308
0.40762
0.245159
0.475434
0.32522
0.663629
0.0883826
0.73792
0.884863
0.94272
0.267746
0.0180946
0.760073
0.508026
0.174835
0.645771
0.780578
0.277684
0.0832421
0.752512
0.531471
0.370085
0.283012
0.080928
0.192004
0.230492
0.300933
0.485599
0.342704
0.497566
0.5936
0.635101
0.534426
0.854762
0.733554
0.841002
0.896375
0.824627
0.83682
0.749265
0.532336
0.32873
0.519668
0.362511
0.764452
0.60208
0.388802
0.712395
0.77492
0.367263
0.560335
0.769841
0.477337
0.839826
0.811397
0.180644
0.77869
0.753029
0.531876
0.500097
0.644439
0.43013
0.328731
0.106555
0.215038
0.345307
0.513935
0.213607
0.248849
0.413323
0.768598
0.14366
0.225539
0.149247
0.560504
0.336399
0.598909
0.805102
0.940132
0.639036
0.63746
0.89836
0.910909
0.702486
0.6242
0.674333
0.350598
0.39662
0.394035
0.783014
0.838196
0.679742
0.811438
0.70871
0.359002
0.352684
0.160384
0.0927028
0.202921
0.192868
0.496824
0.797361
0.763207
0.557009
0.409956
0.662483
0.499278
0.395503
0.418141
0.650351
0.486043
0.655112
0.522679
0.546358
0.662032
0.744356
0.701673
0.282508
0.554668
0.788858
0.617159
0.277043
0.819634
0.855064
0.435677
0.330885
0.555647
0.552454
0.270374
0.291369
0.219964
0.106437
0.656466
0.342357
0.32714
0.766098
0.760296
0.132192
0.827597
0.789104
0.42407
0.25126
0.620976
0.212744
0.31204
0.530515
0.743351
0.349709
0.528941
0.709388
0.447707
0.477769
0.627426
0.677451
0.351261
0.673841
0.605027
0.612931
0.329472
0.285307
0.405521
0.40407
0.503437
0.555794
0.578955
0.509845
0.430962
0.401232
0.616773
0.710111
0.833343
0.873208
0.946369
0.69998
0.475537
0.53894
0.90972
0.688925
0.419884
0.659881
0.763804
0.216911
0.395181
0.762805
0.40123
0.207237
0.167065
0.308933
0.399649
0.500673
0.439648
0.505624
0.514605
0.274147
0.19074
0.329385
0.308541
0.859912
0.938125
0.463371
0.761322
0.738037
0.242619
0.560137
0.562413
0.668569
0.378723
0.48206
0.563719
0.441728
0.386339
0.541292
0.537545
0.338472
0.48404
0.534165
0.288651
0.0939943
0.176934
0.342407
0.400881
