0.356757
0.721258
0.621211
0.582836
0.664742
0.414812
0.73347
0.612243
0.883129
0.835656
0.662195
0.404926
0.77786
0.490509
0.482769
0.575051
0.779514
0.873402
0.788116
0.594141
0.448719
0.566271
0.332897
0.40724
0.496551
0.395216
0.188338
0.306639
0.579845
0.192365
0.567739
0.365087
0.533737
0.376103
0.467857
0.599457
0.567174
0.442859
0.432123
0.657232
0.678263
0.72133
0.610134
0.649089
0.794757
0.468948
0.516824
0.323784
0.6313
0.785753
0.349171
0.57201
0.83679
0.423829
0.109634
0.138148
0.28627
0.2428
0.752559
0.39635
0.265873
0.464159
0.519651
0.362966
0.427889
0.443616
0.400049
0.159633
0.305968
0.223348
0.345096
0.213383
0.110643
0.401111
0.168435
0.105061
0.240331
0.266306
0.460323
0.529636
0.750782
0.68071
0.486025
0.364543
0.718087
0.48869
0.592763
0.61302
0.416776
0.555441
0.71179
0.367471
0.430906
0.573563
0.79058
0.471575
0.411062
0.597686
0.648863
0.787591
0.442423
0.769798
0.681939
0.6806
0.855991
0.852842
0.579601
0.424063
0.823682
0.830735
0.75684
0.650281
0.782459
0.638909
0.293619
0.731604
0.452686
0.61831
0.358239
0.792695
0.614106
0.89423
0.929113
0.92981
0.915346
0.630383
0.660545
0.331725
0.595104
0.208894
0.291805
0.493275
0.341011
0.529232
0.79691
0.554758
0.496941
0.799462
0.634474
0.53241
0.818362
0.894527
0.490696
0.655196
0.806749
0.517132
0.261193
0.578662
0.73618
0.564239
0.670862
0.422329
0.386236
0.398574
0.32395
0.124287
0.62376
0.887518
0.934551
0.770739
0.76538
0.448927
0.36047
0.47723
0.476359
0.262358
0.414508
0.442367
0.265312
0.05334
0.209198
0.460659
0.161334
0.298491
0.144164
0.209062
0.163749
0.495914
0.393658
0.543227
0.398912
0.527589
0.582749
0.6154
0.902813
0.301152
0.687459
0.676683
0.48622
0.259537
0.428197
0.20207
0.14539
0.11153
0.234127
0.0682562
0.285079
0.383262
0.282974
0.469256
0.619428
0.61087
0.599162
0.277112
0.501579
0.379163
0.113555
0.275593
0.65521
0.254221
0.184594
0.61582
0.430721
0.194601
0.460938
0.675923
0.21386
0.678313
0.498298
0.878217
0.766688
0.590524
0.814066
0.606838
0.65933
0.862418
0.863765
0.863891
0.90556
0.793733
0.764144
0.797176
0.776814
0.561843
0.575251
0.789864
0.390062
0.56587
0.486846
0.523301
0.322219
0.311085
0.128576
0.226247
0.116803
0.4164
0.482816
0.393774
0.468363
0.506625
0.472793
0.683011
0.399934
0.676385
0.473978
0.229355
0.236898
0.393255
0.28432
0.33286
0.172409
0.511222
0.379034
0.898862
0.938273
0.970969
0.958459
0.945849
0.699906
0.494521
0.831691
0.875696
0.745439
0.744564
0.856991
0.457894
0.285922
0.811387
0.814672
0.560063
0.272014
0.77589
0.61033
0.448904
0.407755
0.137761
0.117682
0.244496
0.114543
0.447291
0.237148
0.699936
0.677031
0.499143
0.663722
0.485889
0.400973
0.323042
0.415287
0.5466
0.57617
0.420464
0.410514
0.330138
0.231976
0.404193
0.647389
0.390496
0.669554
0.519894
0.33051
0.555329
0.485069
0.440655
0.215052
0.446815
0.323995
0.155673
0.417432
0.445838
0.0750635
0.233045
0.454285
0.045956
0.406981
0.132287
0.461342
0.280891
0.469356
0.381852
0.56502
0.0758604
0.677971
0.888115
0.95663
0.32298
0.0316332
0.766892
0.596233
0.191547
0.65701
0.787035
0.281424
0.113055
0.77539
0.589396
0.422448
0.313613
0.0954763
0.181142
0.266929
0.322724
0.497705
0.367361
0.476145
0.585044
0.636112
0.543801
0.849916
0.763945
0.859817
0.912603
0.847983
0.839955
0.776019
0.542911
0.35087
0.537691
0.391283
0.758287
0.60025
0.400052
0.698826
0.758475
0.379665
0.576298
0.761127
0.543259
0.852821
0.814819
0.250347
0.759699
0.752753
0.586736
0.496822
0.649579
0.426712
0.272577
0.100751
0.187511
0.330357
0.498034
0.214599
0.218264
0.420273
0.775534
0.151192
0.197638
0.118228
0.557703
0.338846
0.513356
0.773464
0.940785
0.614645
0.583769
0.895828
0.922212
0.709333
0.621727
0.746849
0.385912
0.448467
0.630585
0.651133
0.876574
0.763921
0.806272
0.789944
0.4011
0.340763
0.182489
0.117619
0.201472
0.194351
0.473227
0.766387
0.683638
0.529756
0.314318
0.568191
0.403687
0.332717
0.302681
0.55504
0.430564
0.63656
0.507242
0.541613
0.647439
0.724229
0.657081
0.297425
0.487614
0.744033
0.585539
0.277191
0.741031
0.839502
0.438809
0.305121
0.514816
0.576771
0.243319
0.235533
0.214429
0.090606
0.697766
0.348971
0.354912
0.83006
0.737276
0.13866
0.874245
0.810132
0.409837
0.217734
0.617388
0.227747
0.321507
0.562433
0.727985
0.393549
0.557301
0.719451
0.489556
0.513007
0.66295
0.718744
0.392339
0.711626
0.623943
0.64796
0.34902
0.344214
0.422416
0.436605
0.519076
0.493067
0.581013
0.582634
0.469149
0.438296
0.661832
0.751596
0.886408
0.900515
0.949374
0.740272
0.518072
0.517155
0.916082
0.741237
0.461737
0.753732
0.798433
0.24884
0.431309
0.790033
0.410745
0.203194
0.169311
0.331113
0.418397
0.551547
0.462255
0.594637
0.550194
0.349281
0.251876
0.369837
0.383028
0.867829
0.933845
0.484874
0.748744
0.736442
0.24872
0.589635
0.586002
0.688104
0.367505
0.515931
0.584193
0.436931
0.419698
0.536179
0.534149
0.330343
0.515383
0.513741
0.263359
0.0937257
0.202018
0.351992
0.360537
