0.422799
0.327879
0.354613
0.678981
0.296279
0.559721
0.672944
0.620658
0.815534
0.605113
0.542776
0.26772
0.193491
0.296436
0.504109
0.394781
0.608091
0.355572
0.611128
0.796778
0.806264
0.847317
0.692878
0.820553
0.737616
0.83144
0.769172
0.858049
0.787912
0.648751
0.709523
0.624845
0.377531
0.603191
0.462211
0.219778
0.418883
0.313991
0.685792
0.714774
0.810557
0.768716
0.650166
0.682262
0.636819
0.772452
0.728659
0.569759
0.758988
0.841617
0.750678
0.863504
0.824358
0.78803
0.636986
0.542855
0.744245
0.887861
0.829838
0.654605
0.595421
0.33985
0.357609
0.373131
0.575261
0.692185
0.651425
0.575227
0.602686
0.549987
0.527725
0.389339
0.515223
0.239511
0.233359
0.31724
0.286733
0.224817
0.124302
0.201377
0.319812
0.619295
0.489944
0.243232
0.326756
0.430022
0.364132
0.278783
0.62278
0.620799
0.3543
0.343778
0.436582
0.447557
0.314135
0.135933
0.185783
0.0345965
0.126963
0.451972
0.141869
0.0947106
0.462409
0.470116
0.147531
0.259615
0.369407
0.303867
0.170789
0.307818
0.0985354
0.498468
0.605336
0.54684
0.435549
0.326647
0.47215
0.429091
0.280696
0.537229
0.459988
0.352813
0.282006
0.468292
0.355755
0.394354
0.334994
0.401665
0.600421
0.365268
0.771701
0.628804
0.41988
0.45809
0.648106
0.44903
0.513304
0.569286
0.462073
0.413331
0.500543
0.376909
0.274622
0.38395
0.51231
0.264977
0.194358
0.318562
0.429244
0.108213
0.342995
0.155664
0.0719288
0.43369
0.257246
0.185351
0.615019
0.614479
0.433977
0.443849
0.659978
0.53449
0.23544
0.552847
0.640907
0.144979
0.353099
0.575737
0.748548
0.27812
0.445717
0.517992
0.563796
0.299401
0.0503711
0.756618
0.506227
0.293272
0.495259
0.570114
0.196101
0.393171
0.511399
0.535585
0.454938
0.643235
0.478925
0.669687
0.357346
0.32235
0.58571
0.559915
0.636634
0.69976
0.476535
0.21802
0.514928
0.705253
0.41735
0.212958
0.476562
0.643646
0.47506
0.585604
0.430362
0.190179
0.236271
0.330047
0.677871
0.585866
0.695729
0.485383
0.472465
0.353383
0.634275
0.473956
0.429722
0.309654
0.642269
0.405232
0.461687
0.744038
0.619105
0.490476
0.62545
0.766388
0.490464
0.597192
0.715455
0.833694
0.821936
0.887976
0.83353
0.568508
0.500452
0.690078
0.593783
0.420048
0.653202
0.621566
0.316365
0.286888
0.490306
0.372156
0.180322
0.357221
0.348317
0.472731
0.616767
0.374518
0.0844974
0.47714
0.401029
0.334623
0.0502221
0.604043
0.577407
0.646512
0.873612
0.890936
0.594447
0.829805
0.862487
0.729573
0.581057
0.75042
0.532757
0.56357
0.561298
0.667187
0.865597
0.817388
0.440021
0.356495
0.826275
0.465739
0.189106
0.592906
0.421425
0.123792
0.232027
0.578724
0.335794
0.643574
0.741844
0.814069
0.728824
0.451581
0.666946
0.86811
0.67759
0.588905
0.264787
0.683879
0.432894
0.651602
0.553607
0.852223
0.776014
0.923322
0.876146
0.598742
0.539839
0.333435
0.778455
0.743361
0.721623
0.653161
0.476424
0.346395
0.609692
0.398103
0.404785
0.588537
0.324238
0.218033
0.159877
0.351196
0.615712
0.198918
0.203011
0.397728
0.595245
0.137304
0.20791
0.590145
0.270514
0.122185
0.475765
0.211014
0.193869
0.679734
0.626636
0.468495
0.844883
0.895919
0.731956
0.871009
0.857091
0.7234
0.665821
0.853224
0.630358
0.488948
0.541517
0.362686
0.545083
0.200748
0.358541
0.156195
0.610873
0.497204
0.199606
0.133129
0.568015
0.383416
0.582866
0.470539
0.419938
0.182689
0.474956
0.728416
0.742899
0.643426
0.531147
0.758669
0.752647
0.386265
0.626933
0.680417
0.335927
0.583429
0.669636
0.694816
0.723955
0.787093
0.723619
0.674332
0.776518
0.89044
0.734596
0.68458
0.74525
0.573126
0.505185
0.567017
0.743142
0.501002
0.556483
0.223252
0.593254
0.5911
0.400575
0.526639
0.4529
0.460585
0.355527
0.683249
0.328158
0.272599
0.401917
0.124541
0.368486
0.585133
0.413087
0.677757
0.483964
0.717832
0.730157
0.678772
0.827119
0.875734
0.765593
0.802558
0.876146
0.83157
0.84517
0.878791
0.794793
0.865067
0.811897
0.803553
0.701964
0.737458
0.707176
0.743723
