0.394747
0.723117
0.620304
0.562807
0.681372
0.436235
0.742347
0.62089
0.896432
0.83932
0.632121
0.427422
0.773642
0.525743
0.460406
0.59755
0.801891
0.885623
0.809689
0.606883
0.476014
0.565137
0.355691
0.411069
0.465976
0.379175
0.193567
0.290898
0.548811
0.181345
0.502983
0.337833
0.523277
0.393949
0.44902
0.608101
0.557819
0.445707
0.470591
0.679411
0.652693
0.698404
0.5819
0.588605
0.762195
0.464805
0.506893
0.362098
0.611555
0.734115
0.348542
0.591803
0.823762
0.389335
0.11109
0.132988
0.31865
0.212181
0.762185
0.374776
0.265118
0.495482
0.50476
0.382152
0.504645
0.477182
0.367593
0.192912
0.293784
0.194663
0.336929
0.187228
0.101218
0.361687
0.141821
0.0957241
0.235883
0.248125
0.414213
0.4777
0.71367
0.607221
0.429314
0.359652
0.673596
0.445869
0.552427
0.589152
0.370402
0.519646
0.720851
0.369579
0.406574
0.600022
0.801931
0.456091
0.378687
0.591464
0.658212
0.796691
0.460136
0.765301
0.667745
0.707667
0.841404
0.852502
0.606839
0.43049
0.812016
0.808525
0.761567
0.65997
0.740846
0.637848
0.2969
0.725183
0.457682
0.567938
0.360484
0.796067
0.618594
0.901836
0.927684
0.927101
0.914225
0.645623
0.663841
0.307961
0.576536
0.200455
0.291671
0.505742
0.325214
0.514793
0.802213
0.547964
0.488726
0.800593
0.643131
0.515022
0.805007
0.898392
0.494874
0.655173
0.792395
0.526541
0.265956
0.568816
0.722891
0.587377
0.689479
0.435924
0.420183
0.416421
0.356357
0.125494
0.662271
0.880754
0.929754
0.734647
0.767338
0.48383
0.399528
0.507294
0.494873
0.341229
0.48111
0.46096
0.335901
0.0715013
0.23243
0.446445
0.205624
0.311
0.178116
0.216481
0.196285
0.490341
0.398442
0.559903
0.420515
0.535556
0.622968
0.623606
0.908291
0.338017
0.719602
0.670593
0.425328
0.280505
0.427098
0.188749
0.122571
0.105204
0.286167
0.086741
0.316262
0.374867
0.241819
0.438992
0.65257
0.616941
0.614904
0.274435
0.500367
0.354258
0.115801
0.279499
0.656834
0.230765
0.182855
0.622278
0.411156
0.206649
0.473957
0.661108
0.218634
0.678864
0.469338
0.862254
0.745158
0.565617
0.793338
0.611633
0.634239
0.841684
0.850159
0.845433
0.902113
0.7936
0.760636
0.828093
0.796599
0.621669
0.584632
0.804048
0.400307
0.591288
0.490479
0.546941
0.305696
0.314904
0.130995
0.22452
0.144082
0.424372
0.534223
0.414042
0.410234
0.548286
0.467681
0.707901
0.42608
0.661999
0.434226
0.220163
0.217274
0.370447
0.304152
0.297848
0.180986
0.494903
0.374549
0.902868
0.92328
0.971928
0.954178
0.948857
0.691926
0.495974
0.867208
0.886831
0.804901
0.76678
0.866594
0.454458
0.29778
0.80378
0.792618
0.566475
0.244061
0.763092
0.609671
0.417587
0.376568
0.167243
0.10695
0.285125
0.117792
0.410025
0.250842
0.658105
0.617199
0.435277
0.632936
0.540357
0.442039
0.302124
0.417095
0.529744
0.57246
0.410821
0.414754
0.319831
0.228076
0.425462
0.629294
0.405424
0.639214
0.47286
0.300934
0.503856
0.382965
0.39709
0.255357
0.363345
0.291755
0.14938
0.384837
0.425496
0.0763619
0.23314
0.445458
0.0458136
0.389044
0.127234
0.408074
0.256756
0.444714
0.354931
0.606425
0.0896199
0.724036
0.895668
0.94698
0.317996
0.0208197
0.802206
0.506465
0.177554
0.675277
0.759884
0.302271
0.12143
0.738503
0.525199
0.399302
0.299215
0.0996921
0.188656
0.254503
0.285147
0.461659
0.309532
0.466414
0.542425
0.618962
0.550556
0.855418
0.75235
0.850183
0.890517
0.825943
0.829125
0.692966
0.515954
0.331354
0.493936
0.366428
0.756265
0.621072
0.377193
0.668829
0.735302
0.365575
0.546676
0.68499
0.543809
0.835018
0.843254
0.218194
0.784389
0.807052
0.607861
0.477017
0.678935
0.463114
0.286296
0.109309
0.209509
0.346203
0.490941
0.204855
0.230426
0.385046
0.762526
0.130976
0.191965
0.114932
0.548581
0.331969
0.575115
0.814013
0.935844
0.626475
0.62757
0.894685
0.91847
0.677594
0.61144
0.691909
0.355716
0.42877
0.453312
0.766427
0.835269
0.732988
0.832549
0.773886
0.413698
0.40638
0.163105
0.109555
0.258985
0.19523
0.51172
0.79516
0.758774
0.561359
0.440695
0.674117
0.492838
0.388907
0.346453
0.633551
0.458376
0.643619
0.495403
0.535313
0.63991
0.709464
0.675553
0.284696
0.527927
0.768289
0.591777
0.28016
0.808497
0.855297
0.431528
0.312437
0.553712
0.549548
0.247839
0.288284
0.220415
0.105047
0.661041
0.339484
0.304395
0.768146
0.765123
0.13524
0.847739
0.821837
0.431113
0.245857
0.661751
0.202804
0.302501
0.510397
0.708833
0.352946
0.520903
0.670106
0.443339
0.484479
0.626855
0.660363
0.375209
0.690258
0.629015
0.608778
0.333179
0.279306
0.39073
0.353254
0.492246
0.475093
0.552198
0.530403
0.440457
0.418123
0.609842
0.728609
0.856992
0.886971
0.949879
0.687104
0.499988
0.527681
0.900136
0.730934
0.434749
0.682055
0.805891
0.226344
0.393264
0.759064
0.420967
0.178076
0.148951
0.331113
0.369331
0.504444
0.415324
0.510407
0.516569
0.274344
0.182884
0.313874
0.281331
0.866643
0.935627
0.472815
0.758683
0.726689
0.221034
0.561533
0.569455
0.666233
0.359185
0.481011
0.545109
0.418889
0.355211
0.495256
0.54563
0.313013
0.432423
0.493452
0.266205
0.0884453
0.144175
0.325298
0.362771
