0.381023
0.709432
0.609202
0.563163
0.649459
0.397353
0.721483
0.613592
0.872487
0.824024
0.624095
0.40035
0.745042
0.35007
0.427873
0.524318
0.743988
0.858769
0.765306
0.577421
0.415632
0.52071
0.308358
0.350312
0.428864
0.348257
0.151592
0.268354
0.543573
0.172571
0.521751
0.335566
0.506727
0.362407
0.436093
0.581939
0.530981
0.430319
0.442011
0.671434
0.654518
0.694725
0.578127
0.616756
0.75043
0.438741
0.482735
0.32796
0.59229
0.737841
0.332612
0.536306
0.814935
0.406854
0.0967393
0.127771
0.280648
0.216442
0.734426
0.356892
0.263412
0.465879
0.484308
0.344001
0.426122
0.439661
0.336281
0.17809
0.280122
0.190694
0.331998
0.181677
0.106692
0.345549
0.144634
0.101714
0.212337
0.233872
0.423624
0.491939
0.715494
0.6147
0.468934
0.342758
0.670797
0.435855
0.534089
0.585504
0.370201
0.491241
0.686651
0.344583
0.397041
0.499271
0.753547
0.438015
0.355584
0.516264
0.600913
0.769761
0.431421
0.767781
0.709332
0.659466
0.847399
0.863062
0.574065
0.415719
0.834882
0.843332
0.755524
0.639432
0.764851
0.648431
0.291108
0.713373
0.434685
0.595303
0.341758
0.803049
0.614125
0.89309
0.92752
0.923383
0.910708
0.62422
0.646016
0.298978
0.553482
0.170951
0.257146
0.484662
0.328314
0.491332
0.779017
0.535075
0.472652
0.781259
0.624919
0.518655
0.802583
0.882595
0.482926
0.653853
0.803221
0.504139
0.24101
0.576825
0.740524
0.5753
0.693246
0.407008
0.377221
0.399512
0.329019
0.119648
0.601166
0.867741
0.92675
0.747604
0.756792
0.452595
0.35452
0.485355
0.489269
0.257262
0.42075
0.432783
0.278689
0.0546296
0.21815
0.451177
0.159832
0.299711
0.156273
0.200083
0.18094
0.474473
0.37417
0.535825
0.407654
0.523679
0.585807
0.598084
0.896127
0.258497
0.671668
0.676311
0.479136
0.270164
0.429839
0.204671
0.136989
0.107965
0.246995
0.0762018
0.311826
0.36927
0.218882
0.457569
0.613497
0.611785
0.600166
0.287728
0.48674
0.386102
0.107498
0.248132
0.64827
0.253671
0.182551
0.587922
0.415785
0.192767
0.458041
0.645519
0.205055
0.682405
0.520699
0.880495
0.778277
0.605223
0.822074
0.622629
0.673505
0.877992
0.875067
0.878498
0.913869
0.797261
0.77178
0.812336
0.783273
0.576624
0.586255
0.796031
0.399981
0.571927
0.416478
0.48153
0.293979
0.298147
0.134713
0.230845
0.119116
0.424829
0.510194
0.379716
0.440258
0.487964
0.473348
0.68465
0.388688
0.67429
0.478599
0.235817
0.244208
0.378768
0.279823
0.306049
0.166904
0.49313
0.403668
0.884593
0.926641
0.974847
0.954007
0.946914
0.668168
0.498484
0.852607
0.88527
0.790972
0.767644
0.887056
0.446459
0.275919
0.809788
0.801563
0.555467
0.268828
0.767297
0.595626
0.443513
0.401325
0.147215
0.130274
0.228181
0.113456
0.433331
0.241039
0.674767
0.654231
0.482346
0.646978
0.486568
0.404149
0.31624
0.417278
0.548431
0.575285
0.425788
0.416354
0.32296
0.221073
0.41701
0.642598
0.386309
0.637032
0.494917
0.311511
0.53207
0.465818
0.425794
0.270838
0.437638
0.323287
0.147484
0.400882
0.433275
0.0745856
0.220188
0.440037
0.0448822
0.405291
0.128368
0.444738
0.253948
0.439833
0.37478
0.580083
0.0783666
0.705737
0.899886
0.951529
0.274145
0.0300309
0.773299
0.509643
0.192767
0.662809
0.779669
0.279441
0.115421
0.780477
0.565753
0.413504
0.320972
0.0897554
0.181078
0.239048
0.297104
0.475317
0.346238
0.452799
0.568034
0.644452
0.581558
0.868468
0.791073
0.866659
0.914694
0.858091
0.836645
0.769367
0.529422
0.33426
0.555037
0.388519
0.776986
0.616502
0.418607
0.712105
0.761437
0.414811
0.574846
0.784686
0.551446
0.866221
0.842549
0.280968
0.790945
0.802801
0.565174
0.524993
0.668031
0.43325
0.351334
0.106093
0.202848
0.362455
0.5404
0.215497
0.237585
0.398881
0.787069
0.145161
0.203537
0.10858
0.552005
0.315257
0.551317
0.808594
0.937703
0.597922
0.615391
0.920213
0.929621
0.761242
0.678792
0.830255
0.498944
0.467607
0.746466
0.673534
0.874542
0.740346
0.832939
0.818411
0.385939
0.339861
0.196834
0.130165
0.193349
0.192402
0.470562
0.776931
0.7204
0.511849
0.342524
0.591383
0.523984
0.36464
0.326187
0.609562
0.429203
0.631459
0.51812
0.53161
0.647418
0.732823
0.668792
0.290121
0.529439
0.768361
0.597734
0.286062
0.765345
0.837632
0.443943
0.311592
0.520688
0.581574
0.243257
0.241012
0.207231
0.0830679
0.695312
0.369423
0.345351
0.803843
0.787864
0.141295
0.798983
0.768882
0.415824
0.227051
0.620144
0.213436
0.303675
0.530244
0.722123
0.370364
0.532883
0.722429
0.473002
0.499443
0.655354
0.733432
0.387883
0.711583
0.636999
0.66293
0.352331
0.310156
0.402523
0.420856
0.497278
0.506218
0.56894
0.573853
0.487138
0.423982
0.712357
0.768984
0.908437
0.916164
0.962309
0.760556
0.512755
0.56859
0.934653
0.755503
0.471472
0.764666
0.834393
0.241084
0.434834
0.787319
0.415905
0.199771
0.163637
0.33016
0.400259
0.531519
0.441977
0.58064
0.563657
0.356995
0.252544
0.40567
0.425853
0.886585
0.94519
0.521614
0.749829
0.75653
0.257146
0.598599
0.620918
0.702634
0.366046
0.513064
0.564317
0.419447
0.388808
0.494309
0.530849
0.325748
0.494307
0.491305
0.281255
0.099864
0.169063
0.329476
0.361979
