0.0498622
0.0272503
0.297715
0.314744
0.115836
0.290729
0.646034
0.264027
0.294004
0.698493
0.743989
0.491432
0.578918
0.717647
0.555027
0.668954
0.405999
0.0484993
0.0946093
0.34879
0.475398
0.151333
0.168752
0.663273
0.295705
0.190698
0.436162
0.482863
0.364035
0.301713
0.328111
0.384311
0.374337
0.146715
0.205122
0.479896
0.258896
0.433387
0.0590475
0.219467
0.404975
0.299219
0.302125
0.303733
0.503499
0.454566
0.68051
0.43653
0.858886
0.799069
0.838485
0.786247
0.597607
0.6079
0.599715
0.610798
0.44394
0.332209
0.428699
0.287725
0.216203
0.410221
0.196755
0.326272
0.600735
0.529578
0.413326
0.589702
0.701974
0.927596
0.943573
0.948855
0.946322
0.887266
0.913677
0.648142
0.642347
0.542859
0.613199
0.510843
0.291738
0.547878
0.275837
0.247597
0.103333
0.0669873
0.0906381
0.223309
0.383846
0.561782
0.311367
0.5016
0.53145
0.54076
0.6034
0.720224
0.75053
0.64024
0.866035
0.776489
0.857713
0.515137
0.670107
0.896739
0.832054
0.398816
0.359688
0.437021
0.238245
0.377282
0.786161
0.547418
0.122805
0.563989
0.692083
0.176631
0.199005
0.383755
0.559609
0.29056
0.250105
0.566331
0.605472
0.285966
0.372406
0.565288
0.472381
0.599971
0.670621
0.443244
0.580911
0.633751
0.645222
0.594594
0.627559
0.225026
0.858449
0.836369
0.947838
0.929238
0.971172
0.93699
0.894031
0.830616
0.807229
0.592691
0.737563
0.733931
0.52538
0.50853
0.794146
0.408175
0.891048
0.683743
0.875781
0.934408
0.932334
0.965551
0.943087
0.936487
0.847761
0.777055
0.633772
0.266398
0.506671
0.51746
0.125969
0.300999
0.241939
0.742733
0.596024
0.376817
0.2869
0.469373
0.423752
0.149398
0.0570033
0.321105
0.224708
0.087282
0.116309
0.0600438
0.238429
0.745927
0.654859
0.767263
0.789379
0.677364
0.582261
0.667819
0.780968
0.682657
0.922386
0.813476
0.635749
0.569533
0.214671
0.675931
0.242228
0.632119
0.670198
0.418416
0.276245
0.689287
0.480529
0.264374
0.309468
0.280351
0.181757
0.330593
0.435062
0.047291
0.748376
0.922497
0.785836
0.798897
0.974042
0.636602
0.538414
0.849049
0.543924
0.258353
0.575872
0.733082
0.600567
0.60374
0.615349
0.367888
0.381183
0.597739
0.199064
0.534073
0.711934
0.51323
0.54427
0.216571
0.484167
0.619591
0.684107
0.787822
0.217325
0.630575
0.797104
0.393111
0.920203
0.628562
0.795447
0.618156
0.536273
0.533519
0.23534
0.251343
0.321696
0.419106
0.701307
0.333288
0.387066
0.739279
0.6674
0.808519
0.519298
0.73082
0.411108
0.400507
0.603885
0.744914
0.439703
0.397278
0.85717
0.902044
0.92676
0.894952
0.663616
0.257977
0.799391
0.778234
0.350143
0.662222
0.63469
0.591751
0.579858
0.606727
0.415488
0.828663
0.932037
0.8194
0.637469
0.230899
0.527863
0.600838
0.514071
0.374724
0.550843
0.693092
0.394212
0.317586
0.568281
0.633732
0.0784573
0.255588
0.3712
0.0708387
0.624242
0.449974
0.292696
0.118171
0.0658822
0.20331
0.296984
0.10944
0.187651
0.134805
0.401872
0.50307
0.271211
0.835402
0.74529
0.387391
0.442135
0.806831
0.707179
0.627825
0.17941
0.453397
0.530414
0.316127
0.324451
0.381933
0.537433
0.308084
0.292994
0.101055
0.280402
0.39644
0.0695833
0.104001
0.0888855
0.0759551
0.0380113
0.177592
0.265396
0.046324
0.119737
0.248554
0.0317983
0.129748
0.0568985
0.260234
0.186298
0.168787
0.377468
0.277984
0.0743645
0.378047
0.450301
0.412095
0.143111
0.418283
0.693294
0.180763
0.197293
0.517525
0.683226
0.211251
0.362044
0.77206
0.424493
0.280622
0.199205
0.723509
0.664506
0.155768
0.075189
0.25641
0.411186
0.0493544
0.211734
0.45142
0.43997
0.309146
0.528595
0.586328
0.397816
0.218825
0.526822
0.612916
0.142977
0.130507
0.139707
0.284188
0.457776
0.431021
0.40078
0.33323
0.385754
0.288977
0.660157
0.847301
0.933243
0.903007
0.818483
0.625482
0.711911
0.665886
0.439087
0.39897
0.255905
0.428607
0.487417
0.449607
0.186105
0.352247
0.436994
0.179809
0.116995
0.284715
0.329692
0.142146
0.241333
0.354266
0.21861
0.187621
0.282147
0.204826
0.563827
0.46253
0.660421
0.442867
0.650817
0.585939
0.55061
0.568539
0.702363
0.551495
0.453566
0.674202
0.289938
0.372384
0.212358
0.43494
0.471734
0.341338
0.334287
0.502613
0.647221
0.52131
0.451304
0.636747
0.509
0.425852
0.460097
0.582189
0.395449
0.266998
0.631533
0.420252
0.224512
0.416439
0.636264
0.330942
0.466966
0.75948
0.541142
0.663664
0.25626
0.324932
0.0783324
0.480108
0.585667
0.281436
0.372652
0.681524
0.328597
0.380196
0.472844
0.448116
0.502645
0.40163
0.345203
0.391924
0.368412
0.143642
0.112842
0.410751
0.297588
0.319679
0.0501737
0.0938764
0.28737
0.237507
0.196397
0.243593
0.474037
0.478451
0.615982
0.32546
0.838914
0.74134
0.855832
0.717016
0.607456
0.558241
0.676163
0.590783
0.465159
0.349976
0.581024
0.435026
0.311899
0.416247
0.218728
0.364538
0.432419
0.45037
0.468843
0.70284
0.715015
0.939676
0.962648
0.954591
0.952441
0.930366
0.926348
0.745538
0.567916
0.639686
0.629398
0.507482
0.353493
0.717306
0.445325
0.679212
0.371369
0.176893
0.414999
0.641204
0.637553
0.768612
0.306253
0.573798
0.64288
0.682518
0.796854
0.879676
0.868326
0.855519
0.906604
0.811546
0.915064
0.542766
0.604884
0.900225
0.817308
0.326061
0.246123
0.342278
0.162063
0.307877
0.8036
0.434787
0.0872862
0.570841
0.65739
0.277943
0.272046
0.507985
0.512163
0.3969
0.316524
0.663496
0.718745
0.281526
0.594861
0.621927
0.212188
0.673659
0.686307
0.396161
0.503426
0.645922
0.637639
0.427832
0.654351
0.214281
0.863264
0.851249
0.942944
0.946122
0.969214
0.92359
0.844165
0.742581
0.78844
0.517815
0.603304
0.711429
0.483521
0.32954
0.675347
0.422277
0.898959
0.682213
0.872456
0.938021
0.950819
0.976154
0.941211
0.956699
0.852687
0.624799
0.503189
0.188251
0.414808
0.739778
0.141506
0.354746
0.212527
0.745569
0.546477
0.301435
0.297169
0.438964
0.360781
0.0753984
0.0573772
0.23249
0.149207
0.0561253
0.134874
0.0786052
0.314142
0.713395
0.450069
0.563468
0.486895
0.570631
0.467663
0.522914
0.795106
0.702076
0.902533
0.829838
0.576886
0.515862
0.211718
0.738161
0.217741
0.650164
0.675106
0.434028
0.379854
0.809204
0.632268
0.22415
0.369517
0.322163
0.165189
0.440883
0.513051
0.0349758
0.633254
0.907951
0.717489
0.80867
0.975555
0.709547
0.478018
0.786783
0.416649
0.258849
0.6583
0.794646
0.767238
0.68075
0.466139
0.364135
0.433657
0.423559
0.107543
0.35175
0.498242
0.281356
0.312773
0.207862
0.359069
0.596612
0.636136
0.725145
0.150306
0.540501
0.834256
0.544041
0.944269
0.679497
0.88399
0.690142
0.5328
0.547252
0.245113
0.301028
0.345217
0.448361
0.727334
0.304778
0.411958
0.737838
0.662015
0.691541
0.528313
0.690568
0.407174
0.381976
0.672091
0.676674
0.39061
0.350872
0.879893
0.907713
0.933811
0.892272
0.663018
0.271666
0.8282
0.851549
0.237721
0.682438
0.682882
0.609111
0.609755
0.651017
0.379702
0.858492
0.951621
0.837555
0.663675
0.231167
0.645837
0.509319
0.432916
0.363494
0.392341
0.522754
0.386889
0.15945
0.206575
0.558278
0.125271
0.0726648
0.182017
0.202145
0.746423
0.677927
0.557588
0.590077
0.0817411
0.168366
0.331065
0.228241
0.115953
0.250226
0.420031
0.460374
0.362606
0.871543
0.776232
0.440677
0.374281
0.805282
0.756155
0.862574
0.4414
0.454566
0.559706
0.323382
0.375695
0.502839
0.473343
0.539822
0.614131
0.629169
0.507645
0.509318
0.454294
0.168088
0.251444
0.409254
0.0759016
0.204871
0.325485
0.137948
0.0826251
0.324518
0.0752829
0.330767
0.47391
0.527571
0.724815
0.446305
0.625195
0.348986
0.0770436
0.312838
0.705962
0.370716
0.338989
0.621024
0.665398
0.144283
0.337328
0.57346
0.643942
0.175513
0.559483
0.810329
0.432501
0.406932
0.455889
0.767966
0.618742
0.192602
0.132727
0.222042
0.410839
0.141561
0.217038
0.530775
0.438772
0.195634
0.742078
0.733666
0.464343
0.301179
0.632726
0.707352
0.139865
0.392507
0.0917013
0.300205
0.529755
0.190576
0.376495
0.202184
0.20486
0.280078
0.615445
0.895008
0.945618
0.906267
0.8211
0.645081
0.713355
0.776956
0.513084
0.529248
0.520623
0.498665
0.504345
0.333369
0.412496
0.32069
0.315404
0.180013
0.201765
0.138703
0.119297
0.14214
0.319003
0.232852
0.128073
0.196003
0.100657
0.164094
0.35515
0.265697
0.547522
0.351242
0.61376
0.532811
0.594487
0.587049
0.865038
0.613122
0.46879
0.789721
0.264737
0.322106
0.221971
0.605618
0.443274
0.313747
0.401813
0.515701
0.477252
0.396568
0.373572
0.509819
0.356168
0.152416
