0.380313
0.716491
0.589512
0.547792
0.670263
0.457037
0.715937
0.668831
0.86357
0.826754
0.66089
0.399134
0.756201
0.407419
0.430593
0.571279
0.779113
0.858332
0.78585
0.593252
0.47164
0.573807
0.367605
0.39321
0.503845
0.421532
0.191434
0.294084
0.604442
0.212006
0.570634
0.385069
0.523795
0.387334
0.469453
0.609267
0.577233
0.43375
0.431403
0.638252
0.661052
0.704864
0.585181
0.605731
0.791201
0.479476
0.517836
0.344419
0.583078
0.758336
0.364418
0.59747
0.818711
0.424601
0.104696
0.137279
0.29303
0.245231
0.733949
0.3602
0.264462
0.478413
0.515746
0.389092
0.451966
0.436773
0.383074
0.16482
0.277023
0.244095
0.453381
0.270088
0.142664
0.470676
0.276508
0.154335
0.274489
0.377092
0.556795
0.606371
0.789386
0.699494
0.587247
0.418645
0.750989
0.486159
0.616973
0.608287
0.409881
0.533473
0.71367
0.348562
0.40994
0.572688
0.77934
0.428533
0.371482
0.56271
0.612936
0.773612
0.474421
0.779747
0.654073
0.69111
0.838914
0.843175
0.571447
0.427337
0.810929
0.801424
0.753471
0.651772
0.744449
0.629026
0.302223
0.721028
0.457407
0.552864
0.357069
0.815328
0.637041
0.911258
0.932047
0.928619
0.905795
0.645244
0.651386
0.326283
0.557388
0.19493
0.254789
0.47399
0.352327
0.476566
0.799251
0.517105
0.498276
0.796383
0.635011
0.501496
0.782562
0.888504
0.504868
0.661141
0.793051
0.533621
0.281058
0.594142
0.74997
0.617264
0.708035
0.439547
0.419217
0.441445
0.370016
0.133955
0.643719
0.872615
0.932435
0.752467
0.788534
0.448854
0.371038
0.488421
0.514852
0.326243
0.476829
0.469928
0.32661
0.0603674
0.240602
0.459315
0.191599
0.29889
0.194029
0.225029
0.196097
0.476344
0.392634
0.552955
0.408798
0.506833
0.611961
0.614786
0.90915
0.29805
0.626474
0.679763
0.415483
0.26155
0.420921
0.200541
0.112578
0.091209
0.244135
0.0744033
0.333517
0.381819
0.267802
0.444439
0.602263
0.583315
0.592972
0.285994
0.468859
0.343419
0.116973
0.264788
0.642953
0.220454
0.181809
0.610283
0.404331
0.199616
0.482598
0.660649
0.209955
0.671523
0.477959
0.85541
0.702715
0.586277
0.784873
0.609592
0.629713
0.836661
0.843502
0.849959
0.904827
0.79538
0.773627
0.835336
0.800631
0.635487
0.599544
0.811332
0.427468
0.585724
0.432182
0.505989
0.282313
0.29087
0.124272
0.241168
0.128401
0.409165
0.494802
0.381975
0.398972
0.515125
0.444587
0.720343
0.446933
0.673319
0.462948
0.236402
0.254182
0.38849
0.332087
0.297253
0.173335
0.490165
0.388482
0.893746
0.923008
0.968388
0.947116
0.952127
0.677263
0.493941
0.862703
0.884748
0.812698
0.780749
0.86317
0.454896
0.314828
0.805408
0.795382
0.539986
0.268864
0.771835
0.578939
0.454875
0.396288
0.231981
0.151012
0.280953
0.135238
0.421056
0.22541
0.669009
0.620595
0.472745
0.636258
0.514868
0.424724
0.318479
0.414197
0.541039
0.573586
0.422203
0.421431
0.330199
0.221839
0.428851
0.627646
0.414412
0.670974
0.502408
0.320617
0.511252
0.431428
0.427743
0.257982
0.409749
0.321631
0.156216
0.392488
0.448032
0.0822878
0.215213
0.442093
0.0460724
0.414885
0.145473
0.420023
0.267234
0.438758
0.345931
0.59124
0.141503
0.745833
0.892376
0.945067
0.324484
0.0174659
0.780868
0.551985
0.231022
0.658106
0.794051
0.327432
0.123869
0.775822
0.569913
0.421442
0.321745
0.101553
0.218131
0.269032
0.291468
0.458479
0.321119
0.45309
0.557831
0.622942
0.585838
0.853956
0.750542
0.860241
0.901715
0.835795
0.85119
0.706308
0.548241
0.31278
0.537413
0.376757
0.788255
0.615691
0.397817
0.707992
0.782744
0.414441
0.527767
0.7624
0.563653
0.880202
0.869105
0.282087
0.78909
0.826549
0.550029
0.463172
0.643717
0.4336
0.250107
0.114388
0.19536
0.293714
0.490746
0.197672
0.210542
0.361222
0.740377
0.128095
0.189919
0.135747
0.528677
0.317986
0.558973
0.762933
0.935818
0.606776
0.624835
0.886862
0.907665
0.776653
0.656335
0.798018
0.480193
0.488032
0.70543
0.671105
0.875218
0.694812
0.842852
0.844835
0.416663
0.319137
0.179181
0.11115
0.161324
0.100238
0.318096
0.694928
0.696946
0.348911
0.332493
0.594363
0.488222
0.363374
0.355562
0.61923
0.455425
0.648844
0.552782
0.542882
0.651918
0.747767
0.684309
0.305923
0.548613
0.771212
0.601514
0.269758
0.793317
0.828927
0.42128
0.306829
0.532327
0.544211
0.262598
0.270845
0.224774
0.0934685
0.632579
0.341045
0.334077
0.768361
0.758911
0.132396
0.816492
0.780944
0.413012
0.263389
0.648491
0.215879
0.368404
0.566098
0.746969
0.374295
0.580707
0.749651
0.487985
0.526937
0.665958
0.735913
0.398929
0.728425
0.640951
0.645219
0.343038
0.299668
0.388034
0.387547
0.507343
0.485901
0.534816
0.493588
0.451658
0.419458
0.707133
0.783105
0.90956
0.911669
0.948502
0.752768
0.483782
0.456394
0.905781
0.710225
0.404081
0.672087
0.817347
0.214318
0.405733
0.783315
0.418336
0.169847
0.151498
0.323177
0.36779
0.480916
0.411986
0.487143
0.512556
0.343754
0.284932
0.379596
0.430824
0.885064
0.93881
0.454581
0.757631
0.751893
0.255542
0.563431
0.585062
0.664939
0.360773
0.481622
0.546297
0.409896
0.360387
0.476596
0.519624
0.315675
0.442185
0.493222
0.275811
0.083519
0.152775
0.328364
0.356546
