0.382214
0.711726
0.570727
0.570504
0.655158
0.398517
0.724999
0.615912
0.880545
0.834689
0.660435
0.399882
0.741654
0.399848
0.410932
0.530308
0.759403
0.850527
0.759734
0.573149
0.42751
0.545172
0.329374
0.38367
0.463741
0.373863
0.168834
0.299731
0.576716
0.188049
0.546185
0.346164
0.512786
0.349281
0.436422
0.582609
0.516586
0.427423
0.440923
0.677986
0.650606
0.704958
0.589616
0.619252
0.75956
0.448485
0.504772
0.332118
0.590591
0.742558
0.345483
0.550139
0.826846
0.419389
0.106012
0.138507
0.290126
0.231904
0.745585
0.374658
0.257008
0.468246
0.508676
0.356626
0.427013
0.453503
0.344972
0.167885
0.288788
0.177745
0.309385
0.190512
0.106551
0.351627
0.149549
0.105221
0.223487
0.22614
0.428268
0.487094
0.728002
0.638062
0.468884
0.372398
0.720827
0.486332
0.568308
0.601773
0.366314
0.508881
0.699867
0.363293
0.405887
0.530571
0.760775
0.456832
0.371912
0.527226
0.612374
0.767322
0.419021
0.760134
0.684776
0.668605
0.843351
0.868144
0.580905
0.433237
0.823733
0.825971
0.752163
0.647574
0.764031
0.636328
0.300569
0.717364
0.450109
0.579937
0.38477
0.80314
0.609977
0.901586
0.931026
0.932341
0.914282
0.623919
0.653454
0.303996
0.5778
0.195347
0.28619
0.490015
0.337524
0.490474
0.778701
0.520792
0.470488
0.780189
0.617989
0.524344
0.806195
0.88143
0.471774
0.645603
0.793288
0.50556
0.254489
0.584765
0.74244
0.585407
0.680219
0.422687
0.401836
0.411178
0.348645
0.12897
0.608522
0.8855
0.929662
0.752416
0.754787
0.448788
0.355907
0.492152
0.486449
0.257497
0.439219
0.458305
0.27886
0.0579541
0.228639
0.470707
0.170896
0.302505
0.162289
0.208431
0.189244
0.488603
0.381754
0.552672
0.397214
0.522404
0.607616
0.610754
0.898298
0.285112
0.692513
0.690567
0.447216
0.279912
0.434377
0.190762
0.135794
0.105532
0.255323
0.0710983
0.310014
0.357509
0.214368
0.440861
0.609016
0.581145
0.596443
0.260712
0.46601
0.359258
0.113051
0.260662
0.651494
0.252627
0.188252
0.611482
0.407324
0.199047
0.466867
0.657184
0.201246
0.674392
0.48813
0.876594
0.757448
0.586406
0.799133
0.614118
0.655339
0.865057
0.87163
0.874457
0.911202
0.794398
0.763512
0.804322
0.778586
0.574376
0.578122
0.789722
0.408616
0.569012
0.49191
0.523805
0.314815
0.297597
0.137668
0.220115
0.115847
0.415926
0.473654
0.388178
0.458337
0.512423
0.466459
0.691823
0.423595
0.676041
0.466775
0.229436
0.214325
0.361071
0.27461
0.307769
0.1829
0.460618
0.411979
0.881535
0.933601
0.974354
0.949169
0.941787
0.659755
0.499108
0.848384
0.8741
0.760649
0.754624
0.88587
0.44336
0.269097
0.808497
0.805368
0.551183
0.317304
0.766545
0.584919
0.405355
0.36862
0.146545
0.111622
0.273143
0.107456
0.450008
0.211534
0.703658
0.663078
0.488716
0.652186
0.487916
0.416032
0.308408
0.412057
0.543707
0.568532
0.422264
0.410013
0.32874
0.205294
0.419144
0.660828
0.395493
0.651837
0.492631
0.321418
0.567183
0.487619
0.428164
0.288736
0.470136
0.326775
0.154414
0.422905
0.456807
0.0758405
0.237355
0.461883
0.0479035
0.405592
0.13196
0.417855
0.261004
0.435248
0.389287
0.554763
0.0977648
0.690652
0.899115
0.952806
0.317418
0.0372291
0.79602
0.526571
0.162137
0.658145
0.7724
0.29012
0.101878
0.767363
0.574659
0.412721
0.296141
0.083899
0.185126
0.22435
0.295938
0.469942
0.342883
0.438989
0.537974
0.633011
0.566333
0.858294
0.771202
0.837166
0.90875
0.845303
0.825975
0.752523
0.526733
0.325879
0.527149
0.373407
0.769541
0.628069
0.406222
0.694209
0.767879
0.410436
0.496365
0.756504
0.524289
0.844358
0.820521
0.29387
0.785477
0.816634
0.563318
0.48169
0.676044
0.461825
0.265521
0.100187
0.208956
0.362499
0.541698
0.21472
0.217714
0.415946
0.784543
0.140099
0.228286
0.131233
0.582725
0.337094
0.548359
0.775052
0.92881
0.619343
0.615229
0.908636
0.921228
0.753458
0.664166
0.800887
0.43787
0.487204
0.697657
0.6834
0.880957
0.640657
0.811074
0.710874
0.437689
0.31142
0.173279
0.118061
0.152175
0.169304
0.461989
0.764739
0.710166
0.531987
0.320639
0.607675
0.473996
0.357592
0.308797
0.584062
0.438108
0.640508
0.536681
0.534099
0.649529
0.731107
0.671738
0.298192
0.519512
0.761527
0.5705
0.27585
0.757935
0.836241
0.436922
0.303737
0.517147
0.576058
0.250853
0.24054
0.215795
0.0847456
0.690187
0.367445
0.351691
0.809124
0.795335
0.144267
0.807405
0.770036
0.415571
0.231834
0.617953
0.219879
0.32173
0.535197
0.720399
0.378083
0.531227
0.707795
0.475326
0.497518
0.643265
0.716169
0.38624
0.697466
0.630998
0.636198
0.344518
0.304478
0.407683
0.407143
0.490911
0.476132
0.564518
0.578504
0.480942
0.432737
0.696953
0.793084
0.883143
0.908239
0.961877
0.758247
0.517214
0.5713
0.932255
0.746537
0.493769
0.752356
0.796406
0.245223
0.420723
0.773004
0.395316
0.192414
0.16428
0.313147
0.404336
0.539278
0.439271
0.57792
0.550941
0.324887
0.253578
0.388244
0.44217
0.881237
0.938152
0.5131
0.737959
0.761735
0.270332
0.606579
0.616405
0.700905
0.365513
0.512819
0.574193
0.418801
0.391803
0.481619
0.517274
0.318164
0.492008
0.471708
0.254395
0.092089
0.171904
0.328623
0.304145
