0.353423
0.693611
0.564461
0.542903
0.649638
0.406094
0.733524
0.625847
0.875047
0.827078
0.612947
0.407217
0.76066
0.416344
0.429369
0.547277
0.76304
0.866571
0.703464
0.563233
0.398943
0.471587
0.28169
0.329995
0.422742
0.343078
0.148481
0.247492
0.514293
0.167456
0.499237
0.343652
0.503232
0.36198
0.445751
0.569506
0.507807
0.44859
0.446226
0.642901
0.64944
0.706758
0.595784
0.621238
0.768135
0.457994
0.50406
0.331824
0.614746
0.749015
0.343021
0.568987
0.830373
0.404077
0.0978476
0.131031
0.283185
0.217431
0.761936
0.361984
0.259403
0.475661
0.508458
0.349397
0.433338
0.461593
0.32542
0.170475
0.29919
0.178579
0.306497
0.179446
0.103402
0.341018
0.133735
0.101853
0.223763
0.20753
0.402105
0.465508
0.697556
0.615222
0.440489
0.335005
0.666557
0.426781
0.553634
0.597919
0.353828
0.485506
0.694249
0.350705
0.381353
0.523576
0.779285
0.427532
0.325858
0.535013
0.596607
0.771572
0.422561
0.775529
0.684817
0.671923
0.846462
0.860866
0.568494
0.408712
0.823256
0.829696
0.745015
0.644885
0.761626
0.638198
0.286495
0.719328
0.445283
0.583236
0.335262
0.807343
0.610238
0.889921
0.928295
0.925719
0.914583
0.642799
0.661896
0.311606
0.560715
0.16674
0.246723
0.494116
0.320458
0.485595
0.799312
0.561783
0.482132
0.791164
0.640557
0.528788
0.819136
0.892563
0.480776
0.661562
0.805313
0.514363
0.259377
0.586868
0.744577
0.596169
0.698558
0.405548
0.402713
0.414223
0.347887
0.109341
0.603148
0.882268
0.932684
0.756043
0.756899
0.435223
0.361968
0.491046
0.474851
0.250267
0.438445
0.442869
0.262171
0.0558045
0.230966
0.458467
0.166041
0.296877
0.150506
0.191317
0.159234
0.46854
0.362058
0.530493
0.398162
0.531431
0.607863
0.601622
0.887024
0.32737
0.709179
0.679867
0.441343
0.27545
0.416056
0.17333
0.126727
0.0979105
0.218541
0.0669655
0.294522
0.346037
0.235389
0.438258
0.633135
0.572753
0.576966
0.291546
0.484954
0.367868
0.108269
0.270233
0.635534
0.258169
0.190564
0.586568
0.414835
0.195298
0.446618
0.645723
0.19427
0.677151
0.511815
0.875836
0.773175
0.584867
0.821853
0.608541
0.658458
0.871607
0.86712
0.885113
0.914656
0.803398
0.765695
0.805487
0.789298
0.578735
0.584419
0.789139
0.397732
0.55642
0.481327
0.503486
0.316909
0.297615
0.136779
0.25492
0.12849
0.440496
0.532489
0.389043
0.461495
0.492807
0.472636
0.688506
0.411591
0.677775
0.44268
0.209363
0.213604
0.365349
0.266298
0.32377
0.188797
0.470959
0.426013
0.882741
0.937368
0.969658
0.945391
0.942513
0.675368
0.486621
0.835392
0.874084
0.773561
0.755745
0.856712
0.459596
0.285194
0.81035
0.797957
0.562057
0.263694
0.770464
0.619601
0.397962
0.396428
0.127195
0.114043
0.252782
0.112179
0.461396
0.232834
0.727914
0.678666
0.445277
0.640852
0.484488
0.404203
0.311256
0.41929
0.550733
0.582102
0.43287
0.426102
0.326487
0.223373
0.429929
0.669803
0.390924
0.651604
0.495443
0.322696
0.579739
0.500054
0.430342
0.302784
0.469385
0.323557
0.145
0.408001
0.433718
0.0703707
0.228307
0.451941
0.0460043
0.392684
0.124405
0.417796
0.245797
0.452374
0.403621
0.551241
0.0686534
0.714216
0.897522
0.951195
0.356937
0.0301104
0.78729
0.526987
0.187799
0.641549
0.766519
0.294713
0.0993738
0.772874
0.586098
0.41582
0.317381
0.0951934
0.178936
0.270586
0.301732
0.491883
0.360178
0.444864
0.525566
0.630457
0.57063
0.873878
0.786454
0.825475
0.898532
0.838626
0.796202
0.723295
0.464131
0.264257
0.444385
0.433258
0.766527
0.562639
0.344601
0.653976
0.661335
0.342687
0.45238
0.699848
0.380484
0.821756
0.798935
0.203666
0.760688
0.756416
0.544742
0.480758
0.693988
0.415798
0.267727
0.110202
0.20677
0.336978
0.514897
0.221262
0.230035
0.36626
0.77809
0.149586
0.196651
0.104284
0.575794
0.327445
0.487655
0.754302
0.923632
0.614793
0.572288
0.901248
0.919298
0.735858
0.67733
0.805393
0.481033
0.431841
0.682444
0.618887
0.860612
0.613176
0.777204
0.590945
0.321092
0.272816
0.141835
0.0793565
0.137457
0.146004
0.438055
0.669744
0.696141
0.470178
0.280613
0.592524
0.404252
0.30393
0.268958
0.526754
0.429268
0.652444
0.535261
0.551168
0.638814
0.71775
0.675663
0.297317
0.518659
0.760805
0.582124
0.283483
0.7468
0.830549
0.438349
0.309175
0.513068
0.582054
0.240286
0.25536
0.21274
0.0948198
0.690072
0.374037
0.349154
0.808159
0.781916
0.158628
0.801599
0.752115
0.412716
0.224127
0.549085
0.155406
0.283313
0.499652
0.620596
0.301422
0.52851
0.668435
0.399238
0.510203
0.640982
0.668348
0.371688
0.684457
0.637262
0.636707
0.35193
0.325819
0.410217
0.425509
0.498746
0.509287
0.54841
0.578842
0.466456
0.417545
0.680058
0.808658
0.865829
0.900239
0.958863
0.734175
0.524964
0.55787
0.924238
0.787008
0.503828
0.793392
0.832039
0.272929
0.487497
0.802822
0.438745
0.227836
0.168781
0.363497
0.387321
0.529675
0.404462
0.579416
0.532629
0.331119
0.22477
0.375755
0.41789
0.881365
0.933776
0.509932
0.744597
0.749388
0.254546
0.590417
0.608944
0.69059
0.360066
0.515086
0.580456
0.423574
0.378813
0.50549
0.537728
0.335062
0.490956
0.501161
0.259251
0.0935765
0.18314
0.333554
0.325054
