0.411619
0.723678
0.562569
0.559844
0.671809
0.434099
0.736029
0.667229
0.877161
0.83775
0.633176
0.41751
0.731854
0.388256
0.348037
0.492331
0.789476
0.878979
0.734405
0.530363
0.29332
0.465861
0.290007
0.216482
0.226182
0.320547
0.127704
0.12945
0.386523
0.160357
0.444474
0.324616
0.488794
0.366183
0.455462
0.599957
0.539744
0.432496
0.487254
0.671971
0.640259
0.685684
0.564805
0.608477
0.765595
0.44699
0.49005
0.368867
0.594568
0.724061
0.341072
0.584632
0.819235
0.385873
0.113285
0.145276
0.312035
0.208895
0.75075
0.385506
0.263958
0.48101
0.489489
0.349536
0.494947
0.448102
0.250322
0.146794
0.277246
0.114214
0.239282
0.187698
0.0993235
0.300507
0.119173
0.0969658
0.214497
0.213273
0.337767
0.387626
0.608417
0.483453
0.353616
0.242546
0.570835
0.350013
0.438113
0.575193
0.232976
0.33447
0.58779
0.384102
0.309991
0.430195
0.749289
0.433335
0.274356
0.496423
0.572782
0.760513
0.431712
0.751224
0.645568
0.713504
0.831458
0.846042
0.598703
0.438552
0.807511
0.811088
0.757483
0.654165
0.742829
0.644563
0.295451
0.722163
0.461359
0.565755
0.349896
0.805148
0.641722
0.912477
0.930224
0.917427
0.914506
0.638118
0.681029
0.304895
0.587643
0.190948
0.279676
0.521246
0.299394
0.473623
0.818989
0.543994
0.441786
0.775136
0.638947
0.512709
0.793712
0.889422
0.479947
0.67233
0.791567
0.625913
0.26944
0.57941
0.736359
0.616979
0.695664
0.449717
0.418077
0.403878
0.372815
0.141502
0.659724
0.873421
0.933273
0.802115
0.782323
0.487078
0.397173
0.516546
0.514826
0.336571
0.503648
0.473604
0.388767
0.0722628
0.257956
0.463005
0.218658
0.325504
0.200904
0.216137
0.199361
0.479019
0.420049
0.58947
0.447554
0.557085
0.623289
0.554257
0.910047
0.25914
0.688168
0.6832
0.409633
0.269415
0.416203
0.185798
0.116045
0.105936
0.270327
0.0855546
0.322813
0.373184
0.254648
0.46284
0.60908
0.614601
0.559572
0.345824
0.480842
0.371545
0.123825
0.270206
0.667641
0.245826
0.201577
0.62733
0.400004
0.19943
0.496908
0.653398
0.20011
0.686831
0.499774
0.86428
0.761601
0.578821
0.808864
0.601438
0.638467
0.837429
0.850405
0.846952
0.902499
0.799444
0.784187
0.840654
0.804969
0.637172
0.610021
0.815496
0.395166
0.578222
0.462188
0.52674
0.307835
0.312764
0.137564
0.232425
0.139145
0.40986
0.544213
0.39062
0.402391
0.520677
0.466828
0.715386
0.428227
0.683308
0.456937
0.208301
0.192611
0.324133
0.287726
0.316832
0.16812
0.505751
0.389574
0.874969
0.916235
0.970522
0.949007
0.944761
0.686872
0.502468
0.869963
0.881279
0.788258
0.778413
0.867316
0.473631
0.305537
0.819296
0.81177
0.567612
0.266258
0.780379
0.606109
0.398808
0.326031
0.186817
0.109816
0.247539
0.130745
0.38921
0.241276
0.636654
0.628524
0.460415
0.63675
0.546691
0.431424
0.303237
0.409796
0.527922
0.568902
0.409301
0.417149
0.314845
0.208575
0.419982
0.618336
0.392895
0.655665
0.486139
0.313503
0.515094
0.433113
0.409436
0.228863
0.405115
0.307513
0.161321
0.398401
0.445954
0.0829616
0.233836
0.461257
0.049983
0.404558
0.1341
0.399343
0.253445
0.416986
0.38731
0.609653
0.100125
0.715256
0.881356
0.946824
0.354575
0.0210371
0.817069
0.58392
0.205608
0.634537
0.767241
0.306567
0.0958564
0.749829
0.576945
0.383767
0.282468
0.0812601
0.187047
0.248501
0.240426
0.457968
0.324236
0.473674
0.509019
0.634589
0.571287
0.854471
0.741108
0.799161
0.891742
0.828853
0.830911
0.737055
0.531986
0.371711
0.546857
0.402057
0.781583
0.625315
0.37416
0.705498
0.682577
0.357928
0.55462
0.722833
0.442432
0.853403
0.857362
0.347854
0.758673
0.779479
0.639404
0.537795
0.674209
0.451708
0.25566
0.0913191
0.192121
0.324839
0.456992
0.182614
0.209711
0.379166
0.747083
0.113384
0.178521
0.106971
0.541724
0.330416
0.502071
0.750666
0.928618
0.616661
0.567924
0.878427
0.902079
0.712926
0.639
0.800109
0.469144
0.445394
0.688956
0.586643
0.861928
0.746854
0.841847
0.759662
0.454196
0.308656
0.175663
0.125731
0.161888
0.186019
0.503003
0.705827
0.711796
0.519517
0.309006
0.580923
0.388369
0.322756
0.278854
0.514176
0.40845
0.641886
0.512509
0.522273
0.637785
0.741433
0.683575
0.27847
0.56113
0.788217
0.60197
0.266563
0.818428
0.849986
0.423555
0.3174
0.562835
0.556444
0.232834
0.274603
0.214212
0.0840594
0.660108
0.316243
0.325949
0.788579
0.76556
0.13392
0.845109
0.737964
0.412269
0.241431
0.602858
0.216091
0.31597
0.483614
0.727272
0.355621
0.526877
0.678531
0.458568
0.497454
0.626641
0.687258
0.372977
0.681076
0.617514
0.648025
0.34434
0.299606
0.387997
0.405169
0.481192
0.481865
0.548178
0.519368
0.441029
0.409083
0.682903
0.748247
0.887295
0.892646
0.951227
0.742603
0.483781
0.497099
0.91212
0.714526
0.432452
0.707861
0.800836
0.232918
0.41407
0.763289
0.434189
0.194247
0.169628
0.34904
0.395903
0.522461
0.399512
0.505896
0.516204
0.258825
0.209111
0.340853
0.368567
0.866701
0.930289
0.498822
0.769639
0.724725
0.225718
0.563896
0.57426
0.669608
0.34282
0.493297
0.571741
0.420415
0.372773
0.545946
0.52515
0.325252
0.465716
0.479817
0.203634
0.0718202
0.151794
0.314501
0.130425
