0.381126
0.715297
0.624595
0.573551
0.652902
0.405269
0.728464
0.626158
0.886926
0.847682
0.635998
0.40784
0.740324
0.392617
0.447467
0.584583
0.775441
0.876821
0.703669
0.556607
0.425463
0.483286
0.266924
0.3604
0.43109
0.329519
0.157257
0.278451
0.52323
0.178193
0.498041
0.327817
0.507878
0.329598
0.428998
0.563537
0.467219
0.425256
0.453489
0.633119
0.63939
0.711366
0.595551
0.61992
0.763073
0.45459
0.50645
0.340955
0.582114
0.743189
0.348038
0.542536
0.820787
0.413473
0.101812
0.135648
0.284589
0.215504
0.742445
0.359843
0.257034
0.474014
0.488362
0.349972
0.429409
0.445266
0.318788
0.170556
0.286809
0.17309
0.307425
0.183896
0.100087
0.315184
0.137558
0.0986188
0.207409
0.213732
0.394404
0.457008
0.684636
0.582865
0.430626
0.322465
0.651069
0.426429
0.523555
0.578532
0.359394
0.493518
0.694453
0.304541
0.386393
0.549702
0.770915
0.408322
0.366235
0.548268
0.596406
0.762644
0.430964
0.757155
0.683147
0.683362
0.831961
0.860189
0.598045
0.412375
0.822302
0.839194
0.753336
0.639413
0.771795
0.645542
0.284713
0.724249
0.44899
0.583416
0.360474
0.791927
0.630854
0.903049
0.931253
0.927987
0.912832
0.618632
0.643817
0.308955
0.546179
0.16369
0.217282
0.464819
0.305813
0.444899
0.770905
0.529759
0.471084
0.798317
0.626693
0.527991
0.807206
0.878191
0.477196
0.663404
0.800095
0.512541
0.265717
0.578424
0.736253
0.581737
0.676045
0.421549
0.388334
0.398443
0.3359
0.120849
0.618676
0.87461
0.929558
0.764544
0.757518
0.468901
0.361429
0.506749
0.497567
0.259272
0.44011
0.449143
0.3223
0.0569314
0.234474
0.462994
0.172614
0.302958
0.161629
0.201844
0.177184
0.485058
0.409655
0.529272
0.430712
0.521071
0.636095
0.603616
0.896155
0.344961
0.695479
0.68617
0.499221
0.280967
0.431368
0.202999
0.141644
0.119326
0.250481
0.0766191
0.307405
0.370957
0.266972
0.463798
0.639128
0.592399
0.577461
0.326805
0.497912
0.370761
0.107664
0.2682
0.651874
0.258763
0.174895
0.59279
0.408425
0.196337
0.449356
0.64542
0.193495
0.690062
0.524248
0.878699
0.783821
0.594188
0.832101
0.625338
0.671397
0.872601
0.878276
0.869683
0.910805
0.795809
0.761109
0.806668
0.776081
0.567624
0.584355
0.789699
0.378776
0.553621
0.482059
0.519704
0.321691
0.318314
0.141899
0.253318
0.125522
0.421508
0.494926
0.389753
0.453033
0.498881
0.463395
0.691412
0.410972
0.676758
0.481805
0.233789
0.247967
0.379673
0.286094
0.306999
0.172235
0.493236
0.388112
0.875624
0.935652
0.970083
0.947803
0.938986
0.642429
0.492148
0.849329
0.877134
0.777226
0.760802
0.866009
0.451077
0.290613
0.814452
0.808315
0.558445
0.311432
0.770053
0.618074
0.447599
0.414996
0.165683
0.117775
0.242024
0.112859
0.43964
0.214454
0.666866
0.648121
0.479859
0.592415
0.479319
0.403697
0.308586
0.411932
0.544503
0.57771
0.425516
0.421978
0.325664
0.222459
0.421223
0.659948
0.388857
0.651452
0.495107
0.318875
0.543441
0.460348
0.41594
0.248199
0.448441
0.31125
0.148697
0.41452
0.448639
0.0759628
0.235013
0.462894
0.0486594
0.412072
0.126471
0.420334
0.254273
0.439189
0.383602
0.574178
0.0666702
0.715182
0.900129
0.95218
0.294336
0.0286566
0.786683
0.515543
0.177148
0.646397
0.772649
0.289234
0.0824976
0.759037
0.565908
0.394594
0.292122
0.0814712
0.181713
0.222941
0.292382
0.471881
0.327165
0.473877
0.551089
0.634892
0.574682
0.861829
0.752369
0.801387
0.904561
0.84912
0.832755
0.772889
0.537442
0.34705
0.573607
0.382132
0.762935
0.621195
0.428811
0.730001
0.795064
0.42917
0.613407
0.797357
0.538191
0.856481
0.840593
0.277684
0.788589
0.845532
0.590978
0.53182
0.672713
0.429223
0.337441
0.108761
0.201829
0.370126
0.522015
0.205014
0.222862
0.398593
0.779212
0.140801
0.189902
0.0985144
0.550185
0.320518
0.510202
0.785812
0.934484
0.632804
0.602641
0.907495
0.928285
0.773655
0.686617
0.797013
0.456959
0.508547
0.709346
0.612596
0.892964
0.741503
0.803197
0.801866
0.377566
0.319675
0.195121
0.130373
0.191554
0.224695
0.490269
0.737032
0.73412
0.530659
0.315729
0.607622
0.417539
0.323754
0.268791
0.550494
0.433294
0.649659
0.56064
0.550232
0.658467
0.735024
0.659411
0.289934
0.52485
0.764353
0.580129
0.274909
0.754038
0.836673
0.426797
0.298726
0.505825
0.560465
0.230962
0.246859
0.213708
0.0898511
0.683364
0.372865
0.35555
0.800452
0.795988
0.146115
0.809625
0.824309
0.41387
0.217428
0.616186
0.217556
0.313423
0.543132
0.728778
0.382492
0.528657
0.7114
0.480368
0.490862
0.638467
0.702966
0.369486
0.690779
0.610482
0.623165
0.334432
0.29694
0.398302
0.404572
0.5099
0.4765
0.57813
0.587261
0.483924
0.442683
0.696349
0.800023
0.896166
0.901838
0.957403
0.759518
0.531209
0.573711
0.916981
0.735873
0.473545
0.742846
0.781472
0.235172
0.422755
0.777395
0.387379
0.196643
0.161447
0.316777
0.403386
0.533923
0.453968
0.584817
0.554528
0.334183
0.248207
0.383789
0.424963
0.876356
0.939934
0.511992
0.750278
0.764488
0.251366
0.60284
0.608927
0.699104
0.363952
0.51685
0.575712
0.433709
0.404266
0.529732
0.5421
0.334019
0.500145
0.491726
0.289197
0.0977502
0.166408
0.320509
0.360877
