0.635086
0.322623
0.324239
0.707302
0.28792
0.564614
0.61676
0.633029
0.763253
0.621687
0.431983
0.242591
0.282609
0.356062
0.491571
0.34792
0.560954
0.391458
0.579375
0.870223
0.868276
0.867974
0.752519
0.818751
0.789468
0.828011
0.750023
0.871941
0.776876
0.689527
0.718142
0.66771
0.344598
0.586862
0.432136
0.206611
0.403882
0.30267
0.647239
0.711515
0.772622
0.729209
0.579232
0.612293
0.544454
0.775717
0.598104
0.528988
0.764351
0.85138
0.769268
0.878316
0.851526
0.769759
0.650224
0.583553
0.693179
0.872539
0.804415
0.620998
0.591325
0.384166
0.357957
0.361302
0.568336
0.644999
0.626545
0.500671
0.645639
0.511433
0.531538
0.41488
0.460211
0.307758
0.212954
0.334695
0.256611
0.150382
0.0948429
0.167846
0.30839
0.560541
0.457545
0.270369
0.338131
0.346727
0.342453
0.286137
0.578931
0.560131
0.348064
0.417699
0.452239
0.4755
0.302072
0.180791
0.189968
0.0374934
0.0914832
0.413777
0.10759
0.0916139
0.448173
0.375666
0.147107
0.198495
0.383471
0.312551
0.176313
0.224197
0.10239
0.494311
0.575531
0.494513
0.415339
0.246944
0.490533
0.449208
0.283936
0.556729
0.53033
0.358588
0.33351
0.476421
0.341112
0.327134
0.342665
0.387361
0.677596
0.454078
0.712769
0.62306
0.445079
0.546767
0.63058
0.460605
0.535585
0.565677
0.423103
0.427425
0.454454
0.388604
0.285131
0.423117
0.502579
0.232991
0.122547
0.30912
0.443334
0.216042
0.414689
0.268032
0.118616
0.393379
0.318001
0.237078
0.627478
0.517004
0.432006
0.446221
0.610178
0.491274
0.226405
0.499332
0.612651
0.136208
0.382549
0.56466
0.691391
0.30535
0.482181
0.472276
0.488359
0.284487
0.0666184
0.724503
0.466056
0.247781
0.497426
0.548421
0.161562
0.339061
0.49356
0.545245
0.409755
0.642899
0.516639
0.636013
0.375089
0.31152
0.627013
0.491549
0.614479
0.665911
0.45827
0.260793
0.545462
0.698745
0.424177
0.29539
0.409082
0.609944
0.468752
0.553396
0.445552
0.172628
0.188065
0.299588
0.661364
0.547197
0.695614
0.432081
0.466618
0.31621
0.667424
0.453201
0.333072
0.318519
0.580831
0.300796
0.405292
0.771658
0.539431
0.472731
0.61763
0.706107
0.351577
0.440402
0.627239
0.792854
0.862027
0.863986
0.78528
0.560966
0.493274
0.633926
0.49404
0.337906
0.622893
0.59366
0.220792
0.287589
0.472108
0.311668
0.270105
0.301928
0.364537
0.434388
0.50931
0.339676
0.0401525
0.433385
0.359639
0.369578
0.0497599
0.545586
0.574851
0.6505
0.853752
0.869685
0.558748
0.724158
0.752524
0.682003
0.348132
0.322113
0.216716
0.460115
0.507367
0.277707
0.431028
0.813048
0.672628
0.352318
0.734205
0.838014
0.541439
0.477045
0.467344
0.489544
0.460156
0.111273
0.145487
0.468301
0.28319
0.112265
0.455512
0.146207
0.488872
0.623947
0.325686
0.512126
0.528133
0.497658
0.252203
0.4172
0.49966
0.526124
0.732226
0.855833
0.812714
0.569206
0.570013
0.389074
0.789657
0.784731
0.643809
0.625593
0.489804
0.344739
0.608903
0.455999
0.378991
0.542442
0.359458
0.247474
0.136491
0.370243
0.550789
0.143827
0.136453
0.346832
0.500199
0.123649
0.236111
0.612489
0.288987
0.193222
0.616998
0.148214
0.294626
0.697582
0.74116
0.559424
0.768058
0.856743
0.566213
0.658353
0.778396
0.582876
0.209141
0.649787
0.503051
0.317833
0.280708
0.370272
0.437431
0.113877
0.188502
0.090527
0.569303
0.508101
0.144666
0.126584
0.577171
0.385829
0.592676
0.482963
0.436807
0.267555
0.546456
0.61563
0.684288
0.676333
0.501059
0.744682
0.733794
0.461871
0.644593
0.779945
0.509754
0.575986
0.64485
0.678321
0.823777
0.796017
0.783093
0.694261
0.760549
0.855864
0.727833
0.634759
0.780595
0.583467
0.511128
0.49636
0.693257
0.491992
0.534002
0.267817
0.580648
0.538886
0.456751
0.596478
0.455638
0.511716
0.370116
0.641866
0.409061
0.30147
0.358178
0.12975
0.465653
0.275565
0.478661
0.617884
0.564077
0.673938
0.758678
0.673494
0.830382
0.883807
0.782884
0.814224
0.872507
0.844989
0.850076
0.877653
0.78653
0.861801
0.812782
0.791378
0.689435
0.720363
0.663748
0.712544
