0.621269
0.287665
0.329149
0.715268
0.273356
0.538947
0.598146
0.633984
0.739196
0.626396
0.456657
0.267659
0.290729
0.297347
0.478794
0.35169
0.560249
0.366908
0.572064
0.860763
0.877711
0.880578
0.77475
0.83437
0.788617
0.834608
0.807247
0.874714
0.760004
0.69889
0.711964
0.714676
0.360555
0.613771
0.446394
0.268049
0.387936
0.318174
0.644954
0.719767
0.768809
0.729766
0.584449
0.62956
0.570791
0.768413
0.646626
0.51218
0.736138
0.855245
0.782796
0.88842
0.824796
0.778679
0.668307
0.530158
0.68668
0.880194
0.776491
0.657132
0.559723
0.355146
0.348706
0.361602
0.567847
0.646071
0.647761
0.553399
0.630615
0.536122
0.563759
0.419647
0.489448
0.266841
0.248395
0.359445
0.323599
0.193953
0.121487
0.205756
0.304125
0.612667
0.475648
0.208196
0.341142
0.411916
0.376548
0.29187
0.633703
0.610545
0.341016
0.387489
0.457341
0.470257
0.310341
0.141947
0.182188
0.0314785
0.0994686
0.417387
0.125664
0.0869158
0.444193
0.479256
0.145978
0.232195
0.390634
0.365761
0.164304
0.300847
0.130036
0.510318
0.552325
0.486536
0.413555
0.248341
0.486322
0.44171
0.296445
0.550284
0.511051
0.358592
0.336885
0.466278
0.372193
0.295841
0.330126
0.408073
0.625543
0.412663
0.747848
0.619817
0.428403
0.463094
0.614835
0.457154
0.506275
0.542354
0.483964
0.429612
0.465818
0.406929
0.297906
0.416904
0.49404
0.26451
0.134401
0.296676
0.462647
0.170314
0.336551
0.272759
0.0809534
0.364047
0.257131
0.16909
0.569043
0.4975
0.377969
0.413928
0.604824
0.467453
0.212553
0.487552
0.667299
0.21303
0.376428
0.522955
0.694047
0.277635
0.432241
0.464279
0.529793
0.299628
0.0407574
0.705145
0.466129
0.231454
0.464791
0.470395
0.16348
0.321225
0.49775
0.556267
0.420401
0.669668
0.499566
0.618458
0.383795
0.30681
0.534915
0.509185
0.671938
0.67825
0.40171
0.237125
0.526739
0.686759
0.355172
0.283933
0.432515
0.57909
0.435115
0.513263
0.424638
0.144172
0.146554
0.235048
0.61811
0.49503
0.635901
0.433305
0.421574
0.320082
0.684487
0.427607
0.386525
0.366786
0.66076
0.357168
0.424275
0.793253
0.619042
0.481413
0.614589
0.718209
0.43208
0.477511
0.59006
0.772799
0.843828
0.873135
0.813703
0.573793
0.463868
0.631113
0.537688
0.389346
0.615975
0.58489
0.272985
0.262337
0.465732
0.351566
0.259079
0.34832
0.37501
0.412714
0.520934
0.387832
0.0677047
0.428502
0.372506
0.390237
0.0361173
0.563343
0.575053
0.65141
0.850147
0.8683
0.572568
0.753872
0.720014
0.630103
0.47689
0.383525
0.303443
0.5505
0.534643
0.358625
0.450972
0.809567
0.59315
0.372172
0.779216
0.808823
0.525342
0.469073
0.432232
0.450654
0.449544
0.078309
0.111921
0.480533
0.283314
0.0894594
0.374049
0.158571
0.502533
0.608141
0.279472
0.526568
0.494236
0.481192
0.358455
0.396015
0.570086
0.456826
0.753597
0.872742
0.78736
0.673188
0.495632
0.428576
0.800694
0.794749
0.663886
0.630586
0.477157
0.342171
0.602644
0.437463
0.387553
0.567308
0.323907
0.239439
0.191222
0.387196
0.55938
0.169671
0.179658
0.352569
0.543696
0.163444
0.319663
0.674819
0.381955
0.232797
0.644292
0.212469
0.315192
0.721144
0.776433
0.55557
0.766221
0.871329
0.581535
0.692449
0.790666
0.645121
0.213458
0.644144
0.534251
0.334955
0.238995
0.339538
0.486369
0.130772
0.171296
0.0883846
0.521423
0.460277
0.154891
0.107435
0.561433
0.375081
0.580024
0.49113
0.391205
0.26374
0.494401
0.633575
0.617421
0.641383
0.552274
0.758365
0.728958
0.484183
0.684137
0.791043
0.566418
0.660121
0.642416
0.680859
0.794517
0.788845
0.778643
0.653368
0.762235
0.852505
0.711083
0.645758
0.795719
0.558077
0.477818
0.51765
0.641044
0.478325
0.555179
0.256996
0.559934
0.552361
0.425941
0.564895
0.436787
0.445938
0.300332
0.6622
0.347204
0.251337
0.368664
0.163852
0.325175
0.5823
0.457515
0.737763
0.575041
0.727884
0.771688
0.67927
0.827297
0.882478
0.76172
0.819313
0.884791
0.829518
0.854195
0.882076
0.795902
0.869372
0.828861
0.815831
0.71168
0.756093
0.70142
0.731728
