0.374452
0.718723
0.585532
0.571785
0.656783
0.443755
0.727761
0.564345
0.867398
0.851239
0.674125
0.408834
0.716768
0.432279
0.482973
0.657572
0.819311
0.836915
0.719765
0.544353
0.533526
0.626275
0.267023
0.420014
0.486876
0.392905
0.166131
0.328582
0.571528
0.226238
0.528268
0.35182
0.511297
0.304371
0.438493
0.595898
0.579006
0.456504
0.456654
0.713854
0.662601
0.718482
0.576948
0.665066
0.76719
0.442436
0.497592
0.316423
0.611441
0.750448
0.337637
0.564033
0.813852
0.397456
0.0906208
0.123936
0.270033
0.202926
0.750958
0.363546
0.250715
0.460967
0.508865
0.333492
0.416006
0.446365
0.334336
0.148275
0.276893
0.159773
0.386521
0.167214
0.0987778
0.328392
0.141138
0.101467
0.213995
0.219848
0.420287
0.48766
0.721901
0.601229
0.523832
0.357569
0.701525
0.487307
0.58544
0.606422
0.382494
0.541221
0.728744
0.385743
0.469167
0.673768
0.898944
0.433995
0.412958
0.65437
0.586746
0.747444
0.416236
0.748729
0.664527
0.654343
0.83591
0.863242
0.551489
0.409592
0.824448
0.838495
0.752208
0.639804
0.770815
0.652176
0.284643
0.721313
0.449316
0.579495
0.336245
0.788147
0.637936
0.897012
0.928132
0.922225
0.906998
0.606898
0.653288
0.30608
0.54468
0.157053
0.242729
0.470378
0.318139
0.454883
0.815082
0.542897
0.462145
0.79766
0.63076
0.521035
0.804119
0.881433
0.483109
0.656876
0.807844
0.509351
0.256731
0.560576
0.729038
0.548308
0.663698
0.398816
0.349471
0.402842
0.317007
0.110306
0.617875
0.870811
0.93053
0.76165
0.751326
0.469051
0.360097
0.496247
0.496392
0.252332
0.419994
0.427974
0.284311
0.055031
0.206679
0.453774
0.171622
0.29467
0.151634
0.207262
0.183373
0.493333
0.413283
0.522751
0.418385
0.557174
0.615473
0.58073
0.902975
0.411651
0.70976
0.678003
0.55162
0.281393
0.437564
0.197677
0.146916
0.130618
0.230274
0.0692828
0.300562
0.356799
0.288098
0.439232
0.650435
0.642674
0.551525
0.306538
0.486962
0.354847
0.0977362
0.253807
0.631286
0.246215
0.178436
0.578098
0.403791
0.195998
0.447664
0.653819
0.199844
0.688501
0.516233
0.873831
0.750232
0.595545
0.811552
0.626816
0.653723
0.863379
0.874225
0.868518
0.912
0.792838
0.760565
0.801327
0.776382
0.574659
0.583214
0.793842
0.381673
0.561158
0.473079
0.504807
0.31982
0.308849
0.137335
0.249991
0.120414
0.422208
0.519856
0.396328
0.442429
0.501172
0.457071
0.693935
0.392744
0.671508
0.447767
0.22663
0.211759
0.367259
0.274148
0.318923
0.180517
0.501691
0.390774
0.881757
0.924701
0.970838
0.948662
0.938463
0.657744
0.486764
0.841112
0.869442
0.782769
0.755826
0.861626
0.450545
0.270959
0.80975
0.808868
0.536584
0.251895
0.768222
0.59115
0.385451
0.366351
0.134423
0.105428
0.245151
0.103037
0.428039
0.220635
0.667401
0.636836
0.472634
0.592642
0.468053
0.382265
0.306084
0.401566
0.534194
0.560902
0.406216
0.408067
0.304111
0.211875
0.414678
0.650476
0.390853
0.65393
0.48741
0.304516
0.544665
0.461685
0.42024
0.261384
0.443344
0.314855
0.145536
0.407356
0.448666
0.0737642
0.229005
0.445802
0.0482253
0.403292
0.128574
0.418565
0.250624
0.455359
0.383429
0.536095
0.0800545
0.693192
0.896808
0.947678
0.321943
0.0287721
0.749806
0.500838
0.164192
0.635957
0.768964
0.2786
0.0921741
0.766878
0.560444
0.401328
0.303802
0.0888852
0.189401
0.24496
0.307635
0.468333
0.353855
0.454505
0.558805
0.624618
0.574131
0.861506
0.770642
0.865813
0.909817
0.844275
0.829696
0.70316
0.524921
0.325417
0.545658
0.367488
0.765568
0.628196
0.422495
0.726332
0.775361
0.420203
0.573839
0.78988
0.591118
0.8661
0.841602
0.282123
0.766652
0.803945
0.58973
0.511138
0.623801
0.437812
0.277185
0.0931849
0.186297
0.364158
0.486692
0.175393
0.197628
0.403248
0.75287
0.116079
0.175369
0.0937606
0.542506
0.324701
0.51137
0.769299
0.941841
0.641078
0.582499
0.904238
0.916338
0.746682
0.661057
0.777676
0.414793
0.465097
0.693544
0.646377
0.880802
0.791464
0.841113
0.832779
0.470099
0.3203
0.184719
0.131005
0.200412
0.207655
0.456403
0.731405
0.681714
0.509457
0.31396
0.590632
0.398404
0.313879
0.276675
0.546522
0.429295
0.638833
0.5193
0.538174
0.654501
0.684421
0.652172
0.285596
0.494289
0.752869
0.587872
0.25131
0.754226
0.829049
0.413195
0.283906
0.515212
0.563261
0.202866
0.231248
0.205131
0.0691434
0.673142
0.352439
0.344594
0.793143
0.769235
0.132084
0.806608
0.785748
0.3992
0.229834
0.624896
0.214512
0.322234
0.542043
0.723335
0.374581
0.530519
0.718
0.47311
0.49649
0.645112
0.723294
0.391198
0.70082
0.637279
0.631971
0.332447
0.305181
0.381054
0.392376
0.510642
0.478034
0.567424
0.556504
0.472281
0.440493
0.691267
0.766751
0.891137
0.903077
0.958924
0.767645
0.510159
0.574188
0.92253
0.71249
0.456243
0.740423
0.794712
0.225033
0.453239
0.803898
0.393775
0.231337
0.161397
0.306796
0.380238
0.494149
0.439156
0.571393
0.53765
0.350141
0.232984
0.368151
0.397694
0.877774
0.938237
0.499942
0.740988
0.744989
0.230945
0.601697
0.606073
0.69685
0.358988
0.509335
0.574411
0.432386
0.382714
0.493813
0.520835
0.334408
0.476563
0.486768
0.264509
0.0877273
0.158459
0.333097
0.333078
