0.401487
0.755333
0.609857
0.558955
0.688415
0.425077
0.727819
0.649342
0.861383
0.839325
0.615115
0.409983
0.752337
0.353085
0.414658
0.512772
0.758076
0.855722
0.793094
0.581853
0.434054
0.563358
0.335102
0.373402
0.475835
0.385057
0.18416
0.292147
0.5788
0.200565
0.546387
0.372479
0.525287
0.390664
0.494226
0.589347
0.562707
0.458781
0.451387
0.6533
0.6819
0.720995
0.602009
0.64918
0.783642
0.454354
0.516841
0.336523
0.619043
0.780883
0.348484
0.572683
0.836271
0.409362
0.118847
0.126503
0.277873
0.26625
0.712049
0.360278
0.248325
0.455663
0.464754
0.344831
0.453196
0.443905
0.378527
0.166687
0.303141
0.197994
0.338483
0.239282
0.124859
0.416257
0.184701
0.134105
0.275799
0.303377
0.475417
0.549469
0.75791
0.67473
0.517443
0.377297
0.722453
0.461343
0.557241
0.581698
0.383126
0.510853
0.709481
0.36031
0.3987
0.544277
0.77921
0.448727
0.354716
0.529633
0.621094
0.777784
0.444895
0.771354
0.688785
0.702992
0.836944
0.853147
0.607472
0.427596
0.820569
0.821549
0.772175
0.667393
0.755067
0.655171
0.314373
0.736598
0.464593
0.554288
0.384874
0.818149
0.634987
0.917778
0.926025
0.932032
0.912554
0.657536
0.648336
0.318274
0.566328
0.201562
0.276858
0.487135
0.345666
0.502233
0.781564
0.513478
0.501058
0.780288
0.63324
0.532331
0.800332
0.890948
0.498339
0.671524
0.794157
0.541151
0.270555
0.576579
0.739466
0.620951
0.71468
0.448612
0.417073
0.435986
0.358353
0.120768
0.581128
0.891388
0.938861
0.754934
0.77963
0.436258
0.345232
0.491882
0.498511
0.317119
0.46038
0.457778
0.385653
0.0589388
0.238145
0.46122
0.206002
0.327709
0.20427
0.231849
0.20805
0.487337
0.409235
0.555595
0.411525
0.524521
0.608958
0.613849
0.912974
0.314196
0.622271
0.689572
0.400082
0.249849
0.414099
0.194419
0.123645
0.0859096
0.279286
0.0842361
0.351178
0.402311
0.28065
0.448302
0.612157
0.579566
0.599374
0.261441
0.49484
0.352685
0.124095
0.279987
0.672284
0.237529
0.196008
0.635089
0.416376
0.204935
0.495646
0.698934
0.219581
0.702644
0.49379
0.874938
0.739464
0.595098
0.811812
0.630794
0.654436
0.860345
0.858616
0.866178
0.906684
0.803934
0.773924
0.834901
0.795616
0.624322
0.594023
0.809399
0.389516
0.573758
0.478059
0.5369
0.303372
0.311838
0.128214
0.235778
0.136326
0.404545
0.51146
0.398166
0.38168
0.530667
0.454724
0.721896
0.424936
0.672171
0.474589
0.25138
0.248249
0.39519
0.314675
0.305575
0.17408
0.518249
0.370894
0.886899
0.910804
0.969652
0.943636
0.948781
0.667633
0.484649
0.86836
0.886732
0.809552
0.783751
0.869382
0.460371
0.299566
0.819856
0.801257
0.554282
0.290243
0.777673
0.586535
0.46489
0.395357
0.203658
0.153883
0.269853
0.126297
0.376695
0.232402
0.637579
0.609041
0.442052
0.623085
0.522286
0.425178
0.310222
0.416937
0.519228
0.570081
0.410841
0.40977
0.322555
0.206384
0.435056
0.591026
0.436077
0.658077
0.489987
0.308592
0.48218
0.407087
0.407784
0.23335
0.394857
0.304273
0.153752
0.385473
0.436811
0.0826561
0.229787
0.449911
0.0494757
0.401163
0.138669
0.44451
0.260786
0.459463
0.397477
0.646553
0.0932967
0.727557
0.89375
0.945468
0.272695
0.0165548
0.78526
0.520983
0.182717
0.662124
0.803502
0.289807
0.0904678
0.785011
0.567836
0.395671
0.302308
0.0924451
0.198149
0.255804
0.312651
0.481947
0.341595
0.492098
0.558299
0.646178
0.598801
0.876126
0.778425
0.86322
0.909639
0.828979
0.848633
0.741319
0.533169
0.318064
0.536741
0.388709
0.820364
0.684882
0.409461
0.750266
0.831219
0.466783
0.524343
0.792843
0.574991
0.886161
0.899964
0.358637
0.797213
0.872392
0.70617
0.635434
0.737692
0.582792
0.379991
0.103502
0.194614
0.373151
0.513224
0.19785
0.202694
0.342243
0.744375
0.122302
0.191411
0.115038
0.553564
0.326968
0.511729
0.736824
0.935935
0.623995
0.576998
0.876887
0.90719
0.737828
0.636584
0.787875
0.454419
0.478451
0.70669
0.619644
0.827992
0.699521
0.868696
0.856033
0.454344
0.321633
0.393907
0.279622
0.217499
0.298447
0.45473
0.694241
0.679302
0.436512
0.285181
0.543093
0.419107
0.315213
0.32986
0.568946
0.449409
0.665604
0.572516
0.542334
0.649759
0.745835
0.680456
0.298786
0.545422
0.775009
0.607175
0.265426
0.808331
0.833919
0.41334
0.308681
0.522982
0.521309
0.244831
0.266517
0.220772
0.0857475
0.642413
0.342104
0.321601
0.766053
0.764966
0.136091
0.831466
0.873638
0.436994
0.257511
0.668023
0.225428
0.350248
0.549789
0.761128
0.377271
0.547074
0.735681
0.483522
0.508956
0.651834
0.737548
0.398184
0.708843
0.645496
0.62772
0.335646
0.294215
0.398512
0.367123
0.479879
0.465113
0.584564
0.494723
0.459421
0.431935
0.710247
0.768879
0.901584
0.916137
0.962784
0.782395
0.469182
0.553585
0.933977
0.696482
0.428007
0.690117
0.790235
0.213197
0.431742
0.782923
0.408824
0.209209
0.156693
0.314016
0.390055
0.487
0.425024
0.493819
0.507525
0.319912
0.259447
0.363705
0.420474
0.885352
0.940923
0.478577
0.756374
0.756753
0.250297
0.573927
0.596838
0.680347
0.348914
0.48474
0.544844
0.409298
0.376455
0.525022
0.521534
0.321948
0.45907
0.510768
0.266605
0.0882199
0.170242
0.342135
0.366617
