0.786203
0.603587
0.651409
0.458829
0.713292
0.588244
0.868559
0.811849
0.646418
0.406439
0.713436
0.431955
0.605253
0.605118
0.772072
0.848228
0.681008
0.564922
0.480861
0.552435
0.307893
0.393592
0.506412
0.389479
0.203553
0.312627
0.646157
0.233231
0.565878
0.34649
0.536895
0.411378
0.45622
0.627402
0.570973
0.46236
0.451394
0.647043
0.67374
0.709337
0.531001
0.567787
0.664832
0.362463
0.451557
0.281809
0.584168
0.696879
0.274587
0.533653
0.791735
0.358189
0.111417
0.114856
0.235205
0.220324
0.71208
0.383339
0.220992
0.464396
0.489912
0.339167
0.390229
0.46566
0.367892
0.178991
0.213778
0.249427
0.406535
0.181144
0.110752
0.42895
0.178971
0.112722
0.241342
0.312606
0.439726
0.555544
0.77082
0.687449
0.540639
0.410873
0.757968
0.532269
0.612392
0.585106
0.392001
0.526261
0.677889
0.344876
0.41546
0.545588
0.753054
0.411269
0.374922
0.607514
0.55868
0.749759
0.465422
0.741442
0.664118
0.671652
0.828445
0.816006
0.617323
0.355318
0.802311
0.794645
0.757336
0.616728
0.709218
0.598404
0.235513
0.75166
0.370181
0.475005
0.433741
0.815259
0.626349
0.901937
0.914484
0.932474
0.894782
0.641859
0.648473
0.301482
0.557954
0.174945
0.249196
0.485012
0.319037
0.478414
0.792325
0.556551
0.468672
0.800769
0.624901
0.551963
0.797599
0.86772
0.457121
0.635103
0.760952
0.487554
0.211353
0.472794
0.707379
0.614002
0.704047
0.434675
0.43126
0.364005
0.315412
0.127625
0.571182
0.833021
0.916137
0.716018
0.691403
0.423152
0.34796
0.470077
0.503462
0.283435
0.434611
0.441993
0.32956
0.0466626
0.21882
0.357727
0.150535
0.274754
0.142448
0.200097
0.193934
0.536168
0.383012
0.499338
0.450713
0.491371
0.629146
0.64263
0.888979
0.31129
0.584161
0.672619
0.378661
0.20661
0.394555
0.19722
0.102993
0.0731351
0.224509
0.0515329
0.386328
0.357461
0.238733
0.488818
0.615538
0.624621
0.606887
0.228632
0.523331
0.324527
0.103623
0.274641
0.65567
0.218795
0.257071
0.742052
0.401711
0.225182
0.546928
0.727279
0.192472
0.708113
0.485185
0.871937
0.676203
0.593342
0.787602
0.576345
0.602153
0.826108
0.840323
0.822554
0.888725
0.79314
0.773949
0.823516
0.787336
0.63661
0.556277
0.815978
0.455288
0.592844
0.407259
0.458554
0.259882
0.294713
0.131885
0.274397
0.126291
0.434166
0.618241
0.35666
0.414629
0.463499
0.470331
0.699848
0.489032
0.658215
0.503887
0.248829
0.242643
0.397556
0.301929
0.299891
0.175774
0.549097
0.440093
0.882447
0.90606
0.970002
0.960905
0.931256
0.614029
0.476413
0.827751
0.862269
0.791692
0.749449
0.85079
0.501787
0.299037
0.779305
0.757711
0.553561
0.290664
0.745972
0.584926
0.486609
0.433714
0.219175
0.16584
0.344503
0.131606
0.451945
0.153783
0.669247
0.577494
0.476397
0.610678
0.353742
0.404428
0.318866
0.413864
0.563901
0.611695
0.43451
0.463011
0.363614
0.282124
0.461872
0.656229
0.496163
0.605192
0.550003
0.404541
0.56144
0.407602
0.460252
0.252519
0.34165
0.297679
0.151625
0.365522
0.378627
0.0685237
0.242563
0.348762
0.0464638
0.337418
0.137226
0.330224
0.248566
0.445705
0.339313
0.66144
0.242023
0.643976
0.889584
0.936563
0.433125
0.0294697
0.803076
0.534973
0.190945
0.704487
0.715427
0.231934
0.289621
0.74855
0.617606
0.416849
0.311536
0.0749823
0.149239
0.268272
0.290345
0.491783
0.435937
0.466196
0.515781
0.578323
0.553972
0.841736
0.74636
0.794175
0.867157
0.830778
0.812486
0.729809
0.565866
0.304821
0.534099
0.427099
0.787602
0.703937
0.413652
0.655488
0.753433
0.464784
0.556806
0.755844
0.535518
0.860348
0.853445
0.308909
0.769486
0.832033
0.697167
0.468817
0.587001
0.561949
0.262253
0.118518
0.272024
0.385402
0.427788
0.277604
0.31042
0.404779
0.781827
0.196975
0.281954
0.215049
0.588784
0.366758
0.542743
0.864007
0.961624
0.661629
0.713194
0.930311
0.932869
0.830351
0.580689
0.81039
0.553212
0.475434
0.77746
0.726747
0.906523
0.822952
0.871694
0.77937
0.398637
0.297745
0.169981
0.112671
0.142329
0.162805
0.406411
0.788605
0.720706
0.495867
0.352754
0.639816
0.423019
0.3549
0.28068
0.626985
0.419358
0.637131
0.540427
0.523086
0.610934
0.681118
0.649133
0.305716
0.553063
0.748506
0.651467
0.295238
0.778589
0.84312
0.484783
0.334632
0.541176
0.576283
0.32303
0.26967
0.290218
0.172256
0.597852
0.364118
0.371554
0.789208
0.693131
0.189247
0.838259
0.816186
0.459209
0.280774
0.585277
0.266973
0.345485
0.49186
0.749552
0.372408
0.579408
0.682222
0.482233
0.530041
0.66677
0.735005
0.396028
0.730724
0.616604
0.641902
0.355319
0.341339
0.414742
0.514672
0.527226
0.458385
0.555618
0.547117
0.50205
0.481905
0.748088
0.827081
0.88824
0.881825
0.950312
0.694191
0.507621
0.477168
0.869072
0.644899
0.345314
0.611997
0.759469
0.183425
0.353635
0.775382
0.402584
0.191663
0.205207
0.325976
0.42493
0.532237
0.460366
0.527855
0.541043
0.337536
0.238082
0.345931
0.399252
0.877987
0.940484
0.481857
0.752333
0.714825
0.203203
0.494064
0.571409
0.65378
0.373835
0.507
0.607501
0.434314
0.424706
0.555224
0.54381
0.346895
0.548547
0.530102
0.252764
0.0945231
0.223465
0.386621
0.296443
0.0548268
