0.62385
0.290594
0.329834
0.706419
0.277502
0.537474
0.599082
0.62668
0.74422
0.631376
0.455199
0.285797
0.284761
0.300034
0.481406
0.367416
0.575939
0.369801
0.564975
0.853983
0.874598
0.88194
0.777907
0.840417
0.798364
0.854478
0.79192
0.876284
0.759344
0.696731
0.724752
0.709083
0.370517
0.616118
0.450519
0.259975
0.401246
0.310487
0.646099
0.714247
0.767645
0.728974
0.582981
0.629164
0.566843
0.7522
0.657142
0.501726
0.725458
0.854682
0.779481
0.884753
0.812909
0.774575
0.666881
0.53459
0.692676
0.885861
0.786041
0.665811
0.57149
0.350856
0.356615
0.350761
0.55554
0.640347
0.655605
0.567994
0.615535
0.542154
0.58136
0.398876
0.477709
0.243125
0.245238
0.358849
0.307064
0.193422
0.116213
0.207487
0.301874
0.599129
0.469291
0.220468
0.33933
0.39147
0.392812
0.304077
0.632206
0.621781
0.366102
0.387484
0.466499
0.47568
0.322759
0.144212
0.187618
0.0323451
0.109861
0.423407
0.111299
0.0921277
0.46199
0.471466
0.142514
0.245306
0.396144
0.358161
0.163556
0.304098
0.142926
0.543022
0.553341
0.498926
0.4243
0.256767
0.491847
0.44729
0.300518
0.549178
0.507842
0.376263
0.332389
0.486451
0.384007
0.362549
0.341104
0.41774
0.654986
0.435747
0.698026
0.635257
0.44288
0.456933
0.619103
0.47339
0.510467
0.539411
0.503956
0.429608
0.475667
0.409906
0.305534
0.430403
0.500639
0.262213
0.142682
0.304042
0.455421
0.170803
0.342358
0.277633
0.0864612
0.380872
0.259228
0.170619
0.590503
0.520748
0.371813
0.414378
0.620565
0.472134
0.199878
0.512062
0.674329
0.22134
0.384891
0.537095
0.680726
0.284893
0.419467
0.456834
0.523541
0.267875
0.0430763
0.712007
0.483681
0.272151
0.496558
0.487905
0.218356
0.390571
0.515629
0.58095
0.455115
0.698576
0.511695
0.62595
0.374009
0.296978
0.528057
0.49172
0.65967
0.665823
0.403043
0.235411
0.513559
0.692842
0.375934
0.295372
0.433578
0.596406
0.478138
0.578956
0.46448
0.188753
0.177071
0.277322
0.642964
0.492932
0.632366
0.436138
0.417017
0.316313
0.685342
0.416059
0.377577
0.380878
0.654233
0.344999
0.409242
0.79106
0.608846
0.472608
0.616305
0.717377
0.433024
0.479341
0.586959
0.773144
0.828914
0.873541
0.80986
0.561033
0.454116
0.633714
0.533395
0.373829
0.647186
0.582948
0.281831
0.283202
0.481661
0.353467
0.261379
0.34635
0.372594
0.452313
0.520514
0.389297
0.0738595
0.457633
0.38975
0.376927
0.0310081
0.553273
0.576007
0.653708
0.861752
0.868045
0.566391
0.772867
0.720519
0.643842
0.460249
0.322561
0.282805
0.582545
0.505438
0.316911
0.429285
0.820726
0.585533
0.35204
0.767909
0.802229
0.518269
0.451903
0.42834
0.442411
0.445481
0.0761507
0.107973
0.468664
0.263831
0.0824566
0.371589
0.15418
0.490403
0.601774
0.289453
0.528287
0.467941
0.474714
0.331029
0.387846
0.566059
0.44126
0.756935
0.869463
0.768224
0.636651
0.479756
0.409734
0.790737
0.796992
0.63858
0.619644
0.474638
0.332184
0.587811
0.417808
0.365747
0.558184
0.310755
0.219459
0.162418
0.398643
0.546631
0.160818
0.186204
0.357288
0.51982
0.157607
0.330211
0.675714
0.382125
0.235666
0.6492
0.203648
0.324403
0.721646
0.78108
0.563775
0.758814
0.866365
0.57668
0.669638
0.782701
0.635621
0.20393
0.600794
0.518881
0.32534
0.227362
0.321211
0.477254
0.125481
0.15087
0.0981514
0.548963
0.454138
0.169075
0.120856
0.58313
0.365991
0.58031
0.485306
0.371239
0.219521
0.483245
0.634911
0.594075
0.623658
0.561602
0.751669
0.713607
0.493685
0.684879
0.784703
0.57972
0.666313
0.643808
0.684253
0.79088
0.804589
0.783122
0.695648
0.772213
0.853229
0.722458
0.64059
0.803227
0.566782
0.491914
0.509714
0.648225
0.501363
0.547506
0.246541
0.569264
0.571305
0.428453
0.569258
0.442785
0.468063
0.318039
0.672897
0.353796
0.277481
0.37487
0.155877
0.316613
0.580278
0.452192
0.731955
0.576754
0.722892
0.770617
0.673077
0.828342
0.881954
0.760641
0.819558
0.883536
0.831537
0.852413
0.886896
0.789948
0.866476
0.819994
0.811173
0.709883
0.753964
0.696718
0.758775
