0.398362
0.721719
0.588474
0.549799
0.692173
0.432977
0.741565
0.651975
0.878459
0.834403
0.630532
0.430127
0.746821
0.393192
0.411373
0.555397
0.781282
0.857644
0.791305
0.60736
0.413171
0.548492
0.343707
0.37526
0.446175
0.350212
0.178383
0.272262
0.550762
0.180327
0.506654
0.337137
0.531364
0.391655
0.438939
0.571893
0.537906
0.46527
0.433312
0.656881
0.661734
0.717343
0.607611
0.62372
0.784772
0.461749
0.530367
0.338324
0.607079
0.777086
0.356212
0.572227
0.840003
0.411528
0.110455
0.136102
0.303739
0.23863
0.716152
0.355895
0.249958
0.466207
0.476478
0.361112
0.463514
0.434462
0.322665
0.143051
0.275197
0.156298
0.335918
0.197254
0.104813
0.369563
0.155385
0.105073
0.23962
0.261836
0.413701
0.504531
0.711875
0.615308
0.458125
0.352892
0.690784
0.435854
0.528884
0.574925
0.365944
0.488088
0.684882
0.331014
0.379287
0.515776
0.762942
0.436971
0.352214
0.517445
0.612637
0.767435
0.440364
0.749204
0.665832
0.713251
0.828698
0.836431
0.591668
0.425685
0.810561
0.802604
0.758999
0.653286
0.746034
0.631975
0.29585
0.718997
0.449746
0.60261
0.357511
0.816079
0.624768
0.914279
0.931784
0.937916
0.917354
0.634123
0.632853
0.292619
0.544367
0.187172
0.258097
0.477973
0.338459
0.482718
0.782414
0.509556
0.494051
0.793919
0.627366
0.52951
0.787908
0.886173
0.501591
0.662601
0.792963
0.647414
0.270261
0.580683
0.734641
0.593293
0.689522
0.434416
0.412623
0.428851
0.361257
0.115353
0.653682
0.886465
0.941822
0.762647
0.78102
0.472966
0.379614
0.513728
0.501978
0.333145
0.468849
0.438918
0.379814
0.0629828
0.225944
0.440878
0.191896
0.306688
0.187186
0.228687
0.214407
0.490631
0.407726
0.552504
0.41373
0.534269
0.633905
0.645559
0.914697
0.269253
0.698542
0.703268
0.427163
0.278843
0.4284
0.193926
0.125703
0.100875
0.286196
0.089544
0.324245
0.373932
0.235069
0.452249
0.631475
0.614947
0.615184
0.280725
0.500125
0.354257
0.121716
0.301361
0.655508
0.223565
0.178935
0.60278
0.395279
0.189652
0.477894
0.664078
0.203049
0.67416
0.501781
0.861866
0.729422
0.570636
0.782415
0.603482
0.631708
0.835674
0.850248
0.845248
0.899788
0.791799
0.766969
0.83123
0.798542
0.62635
0.593187
0.805469
0.401953
0.584628
0.493184
0.542589
0.305649
0.292878
0.124639
0.207775
0.123802
0.410514
0.51809
0.397711
0.403195
0.536513
0.464588
0.727131
0.438263
0.6673
0.457461
0.233158
0.232533
0.339565
0.306825
0.275129
0.175093
0.513523
0.358613
0.901129
0.920061
0.968294
0.940863
0.94589
0.675125
0.492255
0.868055
0.887661
0.810493
0.768353
0.864537
0.456585
0.28679
0.79921
0.787167
0.532774
0.266176
0.755861
0.563881
0.426624
0.342
0.221749
0.109831
0.277683
0.111808
0.411438
0.249212
0.682786
0.637694
0.438972
0.642154
0.526209
0.433984
0.313409
0.415096
0.532536
0.567585
0.409938
0.415806
0.31827
0.201869
0.425584
0.624793
0.397983
0.665629
0.488848
0.309671
0.539334
0.446574
0.419381
0.24023
0.412496
0.312409
0.156972
0.40321
0.451883
0.0822272
0.234995
0.46172
0.0526449
0.419086
0.136126
0.357939
0.241354
0.403651
0.373535
0.634076
0.11148
0.697051
0.880901
0.948541
0.412375
0.0181421
0.775426
0.574251
0.199732
0.667965
0.777812
0.30206
0.135178
0.761553
0.524032
0.399598
0.307967
0.0857195
0.188054
0.210096
0.23607
0.44427
0.337975
0.490678
0.536884
0.636626
0.560136
0.858048
0.773476
0.862989
0.903229
0.838854
0.844182
0.725371
0.583777
0.397983
0.619205
0.468082
0.812112
0.67735
0.501385
0.623591
0.721809
0.650038
0.515896
0.704771
0.815444
0.762807
0.867794
0.411553
0.835393
0.850438
0.663664
0.538024
0.660385
0.462218
0.342287
0.104452
0.220094
0.311352
0.510396
0.211995
0.221629
0.411285
0.74313
0.149079
0.212835
0.131118
0.545499
0.337161
0.531753
0.733927
0.921668
0.568256
0.569683
0.863354
0.905665
0.704192
0.621124
0.744244
0.405826
0.432521
0.661988
0.586762
0.836151
0.722958
0.872493
0.866829
0.544303
0.403476
0.320042
0.187629
0.212679
0.182342
0.471658
0.718265
0.697737
0.495968
0.266071
0.575911
0.420392
0.350003
0.313718
0.549713
0.435069
0.618723
0.492779
0.520176
0.640743
0.744112
0.675644
0.281219
0.541962
0.777348
0.581136
0.281501
0.80498
0.841379
0.417291
0.313114
0.545036
0.544271
0.260947
0.283494
0.229412
0.100364
0.659175
0.351245
0.328814
0.772326
0.76018
0.138119
0.861229
0.766206
0.429093
0.222065
0.669571
0.242999
0.339132
0.588417
0.780123
0.391077
0.553048
0.739343
0.49666
0.502433
0.643276
0.735709
0.394985
0.705635
0.629779
0.641065
0.33747
0.282239
0.373722
0.415043
0.493606
0.465552
0.564177
0.547065
0.444258
0.449105
0.707646
0.762948
0.901331
0.915458
0.950183
0.772577
0.513334
0.525511
0.90134
0.713508
0.438002
0.682606
0.779992
0.236185
0.399188
0.773798
0.42476
0.202608
0.157633
0.317656
0.400415
0.505973
0.423583
0.534387
0.50561
0.327086
0.251874
0.362435
0.391376
0.877067
0.933356
0.447248
0.769349
0.738632
0.255972
0.569612
0.581487
0.664994
0.344689
0.488591
0.55462
0.416947
0.393846
0.510994
0.503946
0.327443
0.46919
0.491055
0.2389
0.0909248
0.168065
0.322208
0.273477
