0.414196
0.725108
0.581212
0.550286
0.675737
0.412844
0.721183
0.65138
0.889185
0.842939
0.642632
0.425246
0.755956
0.409987
0.4386
0.596349
0.794133
0.871921
0.800003
0.594704
0.432119
0.563816
0.329785
0.376112
0.452901
0.367689
0.180858
0.287556
0.550358
0.188184
0.521357
0.352862
0.518121
0.385438
0.435114
0.5882
0.54033
0.434853
0.446711
0.663595
0.651785
0.700996
0.590365
0.600414
0.777373
0.446356
0.504386
0.320224
0.616022
0.756638
0.323659
0.583969
0.837855
0.395805
0.106183
0.12139
0.257814
0.224614
0.738751
0.354288
0.242266
0.464426
0.482399
0.343572
0.459241
0.446124
0.367912
0.163066
0.271151
0.17515
0.366214
0.202652
0.101109
0.388725
0.178129
0.0951041
0.246842
0.290604
0.44477
0.534054
0.734648
0.626546
0.496113
0.369066
0.703265
0.453128
0.547442
0.583522
0.381796
0.500702
0.702679
0.348124
0.394912
0.540429
0.784735
0.445334
0.383721
0.559947
0.624312
0.779272
0.461039
0.778126
0.686274
0.708516
0.836534
0.851098
0.602296
0.423249
0.816528
0.816091
0.760915
0.659826
0.750726
0.638477
0.296163
0.722308
0.45536
0.549719
0.353057
0.79265
0.621954
0.899629
0.927455
0.930861
0.917773
0.644002
0.653792
0.297413
0.552333
0.191803
0.273677
0.487389
0.336457
0.497662
0.806322
0.539702
0.493389
0.779803
0.62481
0.525419
0.802029
0.89108
0.498794
0.673152
0.791971
0.536954
0.288772
0.601402
0.73787
0.611495
0.687154
0.430587
0.398812
0.413134
0.360111
0.116486
0.658013
0.878973
0.933681
0.772002
0.783766
0.501108
0.390767
0.515952
0.517365
0.339736
0.491996
0.463106
0.37406
0.0669359
0.240707
0.453106
0.203458
0.317827
0.194185
0.224078
0.212088
0.492608
0.404164
0.560906
0.408107
0.515964
0.6025
0.627265
0.911883
0.275442
0.708816
0.708217
0.430838
0.278918
0.44081
0.202637
0.123829
0.105457
0.282918
0.0911279
0.312267
0.368806
0.221611
0.438346
0.628658
0.632618
0.619054
0.269384
0.508491
0.344345
0.122773
0.292658
0.675251
0.239505
0.180536
0.60954
0.419697
0.193666
0.492511
0.660023
0.217648
0.695293
0.511554
0.873916
0.756986
0.586832
0.802357
0.625452
0.648282
0.853623
0.853065
0.861652
0.906875
0.797556
0.770015
0.830673
0.808716
0.620209
0.597437
0.805918
0.394922
0.588917
0.481711
0.524863
0.294847
0.296925
0.126541
0.215056
0.134944
0.419654
0.529936
0.408685
0.404151
0.529735
0.46025
0.701704
0.428453
0.677503
0.454736
0.227699
0.236724
0.38861
0.310223
0.300689
0.204219
0.473626
0.391901
0.879598
0.914539
0.968727
0.940249
0.944938
0.698354
0.474699
0.858742
0.879301
0.780823
0.761967
0.8675
0.46163
0.297259
0.81372
0.802185
0.532171
0.265353
0.776372
0.588914
0.459845
0.385697
0.18522
0.107776
0.275732
0.106718
0.398986
0.239935
0.659067
0.626968
0.4487
0.621811
0.521509
0.435577
0.301769
0.418416
0.529989
0.581292
0.409212
0.407249
0.304462
0.230302
0.430766
0.643019
0.403053
0.656474
0.492737
0.317188
0.516323
0.397747
0.410264
0.245213
0.416623
0.305913
0.149641
0.393719
0.430567
0.0776917
0.242834
0.44399
0.0464792
0.392712
0.133606
0.415893
0.277986
0.451592
0.342467
0.579977
0.102686
0.727281
0.881315
0.94198
0.306468
0.0198661
0.784796
0.502283
0.168368
0.670488
0.790706
0.299187
0.103392
0.767769
0.549883
0.404905
0.303907
0.0903883
0.194618
0.2471
0.300205
0.491828
0.354519
0.470854
0.545371
0.622275
0.559328
0.849247
0.735792
0.852547
0.898787
0.833926
0.846131
0.743014
0.545725
0.31457
0.555449
0.361621
0.787434
0.634003
0.408647
0.715444
0.770177
0.417912
0.536604
0.762528
0.514537
0.853846
0.847358
0.237815
0.784976
0.817191
0.557486
0.502581
0.655665
0.435427
0.319221
0.0986448
0.204032
0.370851
0.504736
0.207869
0.240525
0.424258
0.747898
0.136818
0.206584
0.110109
0.550004
0.318287
0.496784
0.733461
0.916464
0.569396
0.573709
0.880679
0.908551
0.755392
0.65881
0.799844
0.492721
0.436856
0.682192
0.608393
0.864177
0.738965
0.826081
0.782286
0.373756
0.328755
0.187592
0.115969
0.201738
0.209277
0.496184
0.733413
0.673056
0.499973
0.339695
0.597324
0.391905
0.327305
0.289863
0.502748
0.394716
0.620473
0.514266
0.527129
0.60663
0.727309
0.675837
0.277834
0.532417
0.769273
0.564238
0.272849
0.794109
0.840031
0.4243
0.305011
0.537022
0.552935
0.261464
0.291335
0.239988
0.0961339
0.644156
0.337588
0.341573
0.765167
0.753472
0.121923
0.80814
0.812686
0.401168
0.211068
0.65285
0.184929
0.318197
0.568124
0.750164
0.355409
0.554135
0.731837
0.461841
0.505022
0.652183
0.710396
0.381339
0.71592
0.639127
0.632811
0.331243
0.306507
0.409338
0.398995
0.486627
0.468215
0.555207
0.51292
0.451625
0.42327
0.715695
0.784054
0.891696
0.894686
0.951607
0.73497
0.470956
0.484777
0.913132
0.703066
0.406691
0.662996
0.798893
0.20328
0.389352
0.759101
0.408322
0.161399
0.14972
0.314004
0.395337
0.507195
0.420022
0.481837
0.512828
0.299262
0.247407
0.370119
0.431898
0.868746
0.932188
0.4788
0.750798
0.741649
0.229973
0.571258
0.576758
0.676411
0.356075
0.480056
0.5441
0.415764
0.374021
0.493394
0.524348
0.324866
0.459407
0.513868
0.266483
0.0940771
0.175024
0.338537
0.37093
