0.410018
0.740953
0.585827
0.551561
0.689148
0.419046
0.736251
0.655662
0.887614
0.841371
0.643862
0.434236
0.739217
0.397877
0.421538
0.562367
0.786784
0.854655
0.773082
0.595645
0.426591
0.540402
0.349387
0.381178
0.451058
0.366425
0.189079
0.289648
0.566091
0.190135
0.533189
0.358875
0.521356
0.388907
0.43652
0.578327
0.543611
0.465369
0.449098
0.668042
0.67597
0.709295
0.60169
0.626667
0.766234
0.461541
0.524677
0.36085
0.583501
0.738283
0.358563
0.590457
0.813092
0.405436
0.1209
0.1421
0.32455
0.229828
0.721659
0.360752
0.26471
0.485506
0.485866
0.373447
0.480752
0.449924
0.343688
0.171737
0.296845
0.159073
0.394433
0.212917
0.102278
0.369135
0.172454
0.104941
0.254098
0.281298
0.448847
0.553643
0.730042
0.649657
0.495898
0.366642
0.703872
0.441994
0.537941
0.573729
0.374739
0.498927
0.67792
0.331884
0.386755
0.51256
0.76849
0.440804
0.355632
0.525034
0.612184
0.76967
0.436639
0.758372
0.680925
0.703936
0.834003
0.853281
0.616595
0.411702
0.81066
0.817736
0.764394
0.660241
0.752464
0.637553
0.301018
0.730332
0.459122
0.59112
0.357269
0.799305
0.61895
0.914711
0.925897
0.930195
0.910678
0.640585
0.639006
0.31275
0.556946
0.197028
0.254536
0.477713
0.333036
0.501617
0.777514
0.536973
0.488364
0.778229
0.630393
0.505807
0.792835
0.885467
0.489418
0.65589
0.79473
0.539836
0.273428
0.584466
0.730504
0.593217
0.682894
0.435112
0.416283
0.423259
0.362638
0.137113
0.630737
0.875433
0.931018
0.742827
0.760653
0.439542
0.366721
0.497618
0.482593
0.316262
0.477068
0.43736
0.337145
0.0613337
0.228417
0.455615
0.195169
0.324389
0.192427
0.22418
0.210622
0.499443
0.414857
0.548401
0.420911
0.538015
0.644357
0.631183
0.909303
0.307084
0.731201
0.707602
0.443715
0.264541
0.418065
0.181487
0.12091
0.092975
0.253682
0.0782318
0.322461
0.37841
0.226734
0.463933
0.649875
0.600215
0.597683
0.268238
0.493388
0.356705
0.112101
0.279035
0.660171
0.233611
0.171199
0.610241
0.400077
0.200574
0.486912
0.669681
0.221658
0.702247
0.493107
0.867962
0.764884
0.572605
0.81265
0.619339
0.639125
0.850671
0.85877
0.856577
0.903904
0.801303
0.774418
0.835472
0.796748
0.624566
0.58956
0.810503
0.39692
0.587504
0.48795
0.549673
0.29591
0.299632
0.130487
0.230993
0.133817
0.411362
0.522835
0.414461
0.408426
0.54732
0.465497
0.707583
0.445628
0.678044
0.461062
0.243179
0.228557
0.377456
0.471613
0.292212
0.200181
0.489159
0.383379
0.896996
0.921705
0.9685
0.945437
0.945831
0.687947
0.481648
0.862959
0.883634
0.792672
0.775344
0.870862
0.462864
0.310482
0.808695
0.79368
0.554274
0.283896
0.769352
0.586082
0.445779
0.379754
0.222673
0.119058
0.302108
0.109621
0.410168
0.234053
0.664362
0.625404
0.446645
0.622778
0.517827
0.437049
0.298682
0.418445
0.530857
0.582885
0.409379
0.407387
0.301638
0.195293
0.430085
0.640307
0.389172
0.653874
0.482005
0.315953
0.53282
0.446415
0.41966
0.254782
0.415486
0.305684
0.153702
0.391908
0.462727
0.0789151
0.236889
0.478712
0.0458776
0.425553
0.132321
0.423352
0.278152
0.427829
0.400808
0.578162
0.0964195
0.743393
0.879987
0.949244
0.336065
0.0171693
0.754871
0.568651
0.194251
0.662925
0.757496
0.309257
0.100515
0.747128
0.550642
0.399443
0.287292
0.0846229
0.197088
0.230489
0.283918
0.452632
0.323161
0.447227
0.540575
0.631952
0.539209
0.845986
0.744466
0.824244
0.890371
0.816047
0.82598
0.691078
0.526131
0.325661
0.515135
0.345468
0.742239
0.606325
0.396807
0.706242
0.777638
0.384582
0.574825
0.772114
0.542022
0.850209
0.823583
0.214086
0.789557
0.782555
0.527336
0.503463
0.6394
0.413583
0.328772
0.096339
0.204793
0.360712
0.50797
0.204044
0.229793
0.40325
0.745593
0.134018
0.206329
0.113842
0.527705
0.318866
0.519421
0.760409
0.933158
0.617666
0.591265
0.880458
0.912399
0.715685
0.593081
0.764155
0.418835
0.452738
0.666335
0.608555
0.862383
0.727252
0.856601
0.781241
0.362634
0.329414
0.17468
0.0968895
0.163283
0.202572
0.493577
0.761525
0.671346
0.520952
0.318278
0.582489
0.417165
0.332266
0.332331
0.543298
0.411409
0.650543
0.50168
0.527869
0.636823
0.756664
0.681558
0.284827
0.548986
0.785328
0.60276
0.274309
0.801025
0.845397
0.427304
0.319208
0.543637
0.551273
0.252669
0.276091
0.224021
0.124453
0.64966
0.331269
0.327618
0.772312
0.744687
0.117813
0.810483
0.792969
0.391951
0.214012
0.601677
0.205211
0.322318
0.519465
0.708537
0.357072
0.534316
0.675829
0.450664
0.494655
0.627793
0.689286
0.383594
0.694114
0.63219
0.617795
0.327013
0.276097
0.378653
0.388695
0.477149
0.475431
0.542359
0.518201
0.440913
0.410777
0.678414
0.727055
0.876064
0.892304
0.946007
0.731883
0.472463
0.479735
0.903543
0.704003
0.412574
0.664607
0.791953
0.204313
0.389593
0.75605
0.417032
0.159284
0.14929
0.318388
0.358401
0.482941
0.412222
0.49229
0.506215
0.282235
0.218788
0.335545
0.39392
0.862559
0.931291
0.513054
0.762626
0.728808
0.214493
0.566941
0.577134
0.661707
0.353477
0.491487
0.552146
0.412457
0.360847
0.489204
0.530351
0.322915
0.423912
0.473245
0.270509
0.0777374
0.135792
0.315229
0.325199
