0.504299
0.29157
0.767035
0.926467
0.208309
0.602231
0.893157
0.561864
0.666199
0.428919
0.508932
0.5083
0.676713
0.335576
0.340163
0.362573
0.259388
0.316427
0.276187
0.331374
0.133329
0.313738
0.597803
0.282001
0.14336
0.524002
0.344992
0.801486
0.25385
0.235908
0.425133
0.194812
0.410564
0.349821
0.226091
0.314628
0.875347
0.812104
0.68812
0.658323
0.128343
0.216665
0.806648
0.51997
0.0704058
0.137627
0.296617
0.118311
0.289689
0.184463
0.802906
0.72973
0.291271
0.0376718
0.837104
0.902656
0.894689
0.901224
0.88203
0.850168
0.733495
0.638079
0.336211
0.150968
0.577098
0.434129
0.293569
0.128223
0.20189
0.449307
0.627034
0.498327
0.798441
0.746861
0.46025
0.0546408
0.378808
0.550356
0.787019
0.845056
0.806063
0.766804
0.584573
0.753694
0.726797
0.205848
0.437076
0.287005
0.309008
0.359271
0.455161
0.401888
0.633052
0.621604
0.667747
0.726312
0.507526
0.633098
0.67223
0.643477
0.772519
0.81023
0.55078
0.590802
0.671127
0.506438
0.594335
0.77704
0.438107
0.583481
0.753805
0.520157
0.707983
0.636265
0.60928
0.64934
0.735569
0.635251
0.533214
0.665725
0.735139
0.493736
0.562734
0.441489
0.394934
0.542175
0.420718
0.347682
0.427845
0.289024
0.305351
0.232298
0.0676882
0.324817
0.571323
0.559237
0.6365
0.573801
0.459534
0.465336
0.496167
0.66105
0.709955
0.653949
0.778713
0.590777
0.247825
0.672201
0.436569
0.636523
0.142505
0.494376
0.803164
0.709359
0.752506
0.785497
0.813485
0.797103
0.301173
0.589631
0.627047
0.581765
0.17266
0.519154
0.713673
0.439979
0.170986
0.333361
0.703792
0.134609
0.330987
0.43136
0.354823
0.520276
0.588786
0.769086
0.674491
0.673116
0.345208
0.759963
0.635701
0.662129
0.791805
0.504249
0.26509
0.44214
0.337227
0.545349
0.315546
0.393203
0.511617
0.727996
0.620456
0.139824
0.355433
0.77953
0.282542
0.124932
0.45348
0.647477
0.610546
0.460292
0.657813
0.835428
0.866213
0.901161
0.79978
0.675633
0.303435
0.511092
0.675574
0.51402
0.645049
0.79637
0.554413
0.589989
0.757144
0.729322
0.459038
0.674062
0.42273
0.220691
0.272531
0.251478
0.356982
0.686433
0.402317
0.534414
0.725037
0.793076
0.901626
0.34641
0.501795
0.633663
0.709584
0.456566
0.72111
0.606333
0.424656
0.712315
0.603117
0.260225
0.264592
0.539153
0.360221
0.121523
0.511758
0.227155
0.382094
0.348898
0.442088
0.312161
0.682564
0.483562
0.639925
0.673544
0.718032
0.501282
0.673184
0.797311
0.697896
0.783899
0.868959
0.738252
0.438775
0.606912
0.566563
0.810506
0.715862
0.798942
0.712361
0.796101
0.63974
0.494307
0.59652
0.434769
0.437638
0.404943
0.787584
0.783474
0.769257
0.752577
0.765922
0.764392
0.689829
0.752689
0.693469
0.79915
0.387623
0.301325
0.446747
0.395493
0.156527
0.380093
0.574034
0.106988
0.334841
0.367212
0.308978
0.374535
0.393226
0.568193
0.589055
0.679297
0.747211
0.699096
0.86353
0.812058
0.686901
0.568641
0.709257
0.635812
0.745024
0.546905
0.51509
0.533102
0.40759
0.690249
0.512459
0.498064
0.638682
0.769396
0.82763
0.813609
0.826403
0.657019
0.624313
0.44695
0.764328
0.793809
0.331399
0.514563
0.642926
0.558876
0.419059
0.412023
0.303237
0.187293
0.145359
0.414633
0.497297
0.179097
0.273371
0.633225
0.452053
0.254521
0.503351
0.56179
0.165993
0.165849
0.297213
0.0737696
0.329424
0.171854
0.420987
0.483061
0.719181
0.6344
0.764793
0.537805
0.443538
0.417114
0.165254
0.23645
0.220317
0.354743
0.537102
0.487783
0.482394
0.455688
0.326853
0.408458
0.417128
0.413055
0.337841
0.587871
0.30149
0.479452
0.421649
0.540673
0.453042
0.349433
0.591167
0.355493
0.447907
0.518701
0.243734
0.410688
0.262969
0.189881
0.352543
0.55011
0.796065
0.60589
0.827382
0.690814
0.835214
0.754699
