0.355896
0.580749
0.264
0.433912
0.497395
0.335845
0.179495
0.305797
0.558154
0.593928
0.647016
0.568345
0.756317
0.590152
0.452744
0.247511
0.452356
0.200324
0.211321
0.414899
0.170204
0.0602396
0.326476
0.305044
0.0604506
0.116274
0.0682303
0.0670427
0.126189
0.219261
0.481942
0.184801
0.531649
0.334494
0.657092
0.530838
0.532021
0.856877
0.561071
0.583751
0.48695
0.376335
0.379924
0.61088
0.745223
0.428675
0.417745
0.652018
0.208217
0.606197
0.77561
0.325234
0.488493
0.598597
0.432724
0.217642
0.591306
0.397783
0.319202
0.670449
0.381407
0.149469
0.694723
0.310091
0.0697804
0.23536
0.439597
0.180499
0.121851
0.281435
0.423978
0.413007
0.108907
0.385922
0.174407
0.380998
0.419766
0.69835
0.481872
0.822651
0.627853
0.750975
0.662748
0.655894
0.34975
0.460184
0.308735
0.260934
0.183344
0.362478
0.477217
0.213481
0.197177
0.488009
0.431742
0.619241
0.435371
0.240374
0.0989672
0.386447
0.39368
0.566954
0.0639259
0.416595
0.493455
0.604366
0.369239
0.576112
0.429982
0.17805
0.572056
0.227429
0.757347
0.208852
0.222438
0.296361
0.365998
0.495073
0.145125
0.130334
0.329521
0.530538
0.443209
0.676933
0.382334
0.691786
0.247412
0.281897
0.566132
0.352148
0.31712
0.215562
0.628334
0.694723
0.552943
0.210357
0.334646
0.351346
0.543632
0.689067
0.820946
0.721202
0.356591
0.431875
0.796608
0.778291
0.303689
0.307624
0.589479
0.709301
0.508911
0.385779
0.217985
0.722516
0.340369
0.123453
0.237181
0.579581
0.506915
0.411995
0.52198
0.293254
0.719101
0.876177
0.870161
0.848067
0.843575
0.810374
0.735469
0.616732
0.63336
0.443249
0.479355
0.689574
0.754911
0.885878
0.781928
0.58113
0.522232
0.516792
0.45151
0.291517
0.255969
0.388696
0.106912
0.11074
0.181604
0.0411795
0.424603
0.313647
0.697553
0.435929
0.554472
0.348709
0.850263
0.884889
0.893427
0.932419
0.896801
0.775326
0.843091
0.764184
0.489061
0.626087
0.673884
0.649492
0.460927
0.820064
0.28629
0.491323
0.539824
0.445268
0.382236
0.353618
0.317733
0.497601
0.330489
0.393023
0.469872
0.487884
0.396502
0.513798
0.584289
0.731559
0.702425
0.564537
0.441557
0.747124
0.817371
0.912978
0.807142
0.628836
0.865353
0.789823
0.656206
0.516029
0.640513
0.618769
0.456114
0.424598
0.412833
0.446703
0.456527
0.241515
0.252553
0.60594
0.458781
0.311355
0.698408
0.787882
0.63445
0.321633
0.179062
0.53046
0.35124
0.241965
0.325766
0.393039
0.472759
0.784491
0.569899
0.719722
0.688745
0.745289
0.884958
0.717168
0.488622
0.232215
0.481878
0.699175
0.614986
0.465592
0.511867
0.806325
0.786811
0.126266
0.493053
0.698381
0.75029
0.497641
0.536206
0.592569
0.225893
0.224234
0.502326
0.629404
0.576688
0.626295
0.750435
0.800073
0.89617
0.650901
0.832014
0.666483
0.495534
0.790488
0.633306
0.437204
0.53861
0.329677
0.118818
0.245693
0.153569
0.337245
0.666856
0.656939
0.376234
0.777741
0.71832
0.0957586
0.073529
0.249833
0.165978
0.24802
0.301984
0.119112
0.237574
0.350257
0.274958
0.0735824
0.166604
0.368107
0.204333
0.426212
0.450109
0.402878
0.441142
0.581794
0.777969
0.654754
0.896174
0.831861
0.75477
0.664698
0.277724
0.384048
0.0829376
0.13371
0.2789
0.346854
0.768485
0.679741
0.656174
0.579574
0.336077
0.222695
0.237052
0.0658114
0.110708
0.0232173
0.141862
0.287259
0.562577
0.663394
0.851563
0.845961
0.799691
0.789533
0.631319
0.375359
0.817021
0.825003
0.478436
0.532532
0.744238
0.559832
0.399007
0.546907
0.568567
0.675363
0.762957
0.59441
0.290339
0.49661
0.792657
0.677695
0.514912
0.355914
0.206474
0.424217
0.51535
0.39319
0.61656
0.790203
0.509885
0.582059
0.694923
0.794124
0.532216
0.483154
0.481448
0.437646
0.494105
0.561872
0.230533
0.742838
0.247921
0.644916
0.602755
0.559622
0.698031
0.632381
0.887848
0.915212
0.750052
0.464209
0.505188
0.63535
0.412429
0.600064
0.53011
0.107471
0.408587
0.404847
0.471913
0.225792
0.229345
0.265057
0.429119
0.124092
0.132909
0.331547
0.134274
0.445542
0.637815
0.33229
0.450783
0.381665
0.446285
0.600802
0.562867
0.657418
0.680776
0.374956
0.462434
0.462274
0.167966
0.25361
0.563861
0.371143
0.168499
0.266614
0.417839
0.718962
0.85217
0.51091
0.674264
0.189858
0.16209
0.741273
0.432442
0.224591
0.422973
0.515362
0.325236
0.447994
0.574046
0.264122
0.428473
0.507694
0.277207
0.418392
0.33295
0.477013
0.247727
0.483336
0.305306
0.428533
0.285673
0.43183
0.432444
0.411509
0.333202
0.308543
0.64606
0.790744
0.611769
0.781154
0.812749
0.694994
0.374882
0.247783
0.643472
0.53146
0.300197
0.228367
0.441048
0.182017
0.229478
0.312531
0.307386
0.443359
0.524244
0.491526
0.664328
0.67895
0.745443
0.663487
0.546249
0.694383
0.428461
0.589656
0.380493
0.410423
0.79725
0.327195
0.272254
0.597192
0.487595
0.182613
0.403866
0.682155
0.530735
0.851318
0.391704
0.914647
0.804769
0.337618
0.54704
0.572374
0.432325
0.103496
0.107876
0.373878
0.880651
0.61004
0.558874
0.933285
0.876386
0.72663
0.679501
0.397016
0.638548
0.658012
0.889279
0.664173
0.769216
0.821199
0.576762
0.703067
0.659684
0.480318
0.581066
0.606633
0.401814
0.413481
0.499355
0.292553
0.288389
0.220783
0.217034
0.525459
0.416494
0.193487
0.396024
0.420346
0.21806
0.235963
0.471469
0.409233
0.276344
0.480609
0.555411
0.20826
0.126293
0.45186
0.297672
0.49029
0.462155
0.356101
0.50071
0.435954
