0.588266
0.912777
0.208665
0.546363
0.83693
0.641628
0.576039
0.415634
0.431906
0.360863
0.574338
0.245535
0.398773
0.352591
0.184769
0.163587
0.368113
0.305214
0.0847794
0.249454
0.625601
0.250084
0.0893099
0.48362
0.250519
0.769984
0.243464
0.271886
0.478763
0.211604
0.383084
0.288473
0.151402
0.259626
0.723357
0.564183
0.35893
0.348361
0.2042
0.145374
0.453149
0.331743
0.0522136
0.135022
0.24094
0.0917571
0.310572
0.21939
0.745665
0.624832
0.262452
0.0622739
0.606243
0.893103
0.893759
0.893632
0.665547
0.657895
0.499275
0.444505
0.238839
0.0998623
0.3292
0.407341
0.180033
0.096886
0.209938
0.434114
0.656714
0.48175
0.660656
0.58359
0.408353
0.178641
0.48945
0.608074
0.810423
0.864616
0.76185
0.657279
0.505441
0.677687
0.546787
0.109254
0.380625
0.23372
0.23135
0.403159
0.417075
0.387091
0.585345
0.539875
0.619582
0.577673
0.420716
0.566075
0.758503
0.627891
0.721615
0.730475
0.591785
0.566123
0.531255
0.445962
0.525154
0.775033
0.416443
0.515621
0.701023
0.548011
0.665047
0.611618
0.626037
0.689963
0.721433
0.655762
0.550012
0.753013
0.750831
0.524647
0.608551
0.439622
0.465922
0.631385
0.46196
0.387979
0.518224
0.416271
0.347898
0.311898
0.118924
0.364885
0.623798
0.59178
0.660436
0.589622
0.490917
0.458212
0.516512
0.666902
0.744997
0.722579
0.760694
0.525549
0.228534
0.751233
0.403462
0.60495
0.103383
0.506376
0.665061
0.660813
0.765287
0.699254
0.695959
0.711425
0.291482
0.616102
0.616976
0.495671
0.212649
0.579659
0.677077
0.38237
0.0908459
0.348736
0.677731
0.0613696
0.514046
0.214454
0.449941
0.360275
0.486742
0.529455
0.748495
0.630825
0.618835
0.353157
0.763911
0.677307
0.674849
0.818433
0.587691
0.261924
0.470188
0.327025
0.551927
0.313836
0.347827
0.415164
0.620767
0.409368
0.137144
0.28739
0.580853
0.13052
0.262103
0.199442
0.467945
0.640276
0.442806
0.372912
0.481729
0.755559
0.793745
0.852926
0.742465
0.635667
0.232663
0.44035
0.484317
0.430981
0.417104
0.34263
0.534852
0.30523
0.254563
0.337826
0.435448
0.358296
0.216456
0.365478
0.349071
0.144694
0.18687
0.288636
0.102308
0.318584
0.345748
0.421531
0.407837
0.7345
0.753448
0.854563
0.361067
0.367512
0.344542
0.406059
0.243061
0.736943
0.602998
0.182488
0.530982
0.744165
0.236259
0.161966
0.570772
0.401091
0.0846582
0.485781
0.110071
0.170399
0.363711
0.456913
0.225926
0.702219
0.494108
0.662654
0.65513
0.807506
0.436656
0.686108
0.826857
0.757905
0.726819
0.820281
0.730281
0.440841
0.54563
0.599946
0.843337
0.781676
0.847724
0.808511
0.83448
0.71132
0.508214
0.622638
0.460535
0.462875
0.458296
0.763026
0.808946
0.778892
0.784929
0.741866
0.751517
0.650893
0.665512
0.714984
0.687653
0.316028
0.174743
0.447342
0.375769
0.114977
0.328001
0.590548
0.303653
0.348412
0.343807
0.469476
0.434506
0.417287
0.520532
0.538065
0.716026
0.693705
0.615976
0.794226
0.77517
0.686102
0.433426
0.698667
0.600309
0.685567
0.501125
0.43938
0.479938
0.302903
0.609054
0.368194
0.431086
0.624037
0.767701
0.831354
0.817264
0.776229
0.689824
0.612805
0.692767
0.712631
0.614703
0.365274
0.410207
0.270208
0.55822
0.416163
0.352062
0.184498
0.241264
0.127475
0.0680687
0.216334
0.421196
0.168187
0.152791
0.489329
0.496015
0.223586
0.425971
0.562551
0.182205
0.200423
0.341404
0.111569
0.439969
0.31601
0.586426
0.579918
0.719171
0.671816
0.778697
0.420924
0.386111
0.162306
0.165648
0.0915661
0.244246
0.456525
0.140153
0.531662
0.343251
0.429958
0.530361
0.37162
0.499323
0.521429
0.605633
0.535048
0.447282
0.262554
0.57009
0.390835
0.406105
0.431977
0.361103
0.323162
0.213747
0.310071
0.231773
0.253435
0.0954563
0.208872
0.169619
0.159237
0.168614
0.483689
0.741237
0.443762
0.771552
0.455879
0.799458
0.708542
