0.228944
0.588533
0.446839
0.312674
0.646242
0.45637
0.739403
0.433129
0.875455
0.859328
0.739412
0.421698
0.774383
0.56239
0.584336
0.700798
0.859074
0.836857
0.717683
0.551623
0.483172
0.474068
0.219615
0.364992
0.464891
0.342888
0.16587
0.263793
0.391815
0.108883
0.450161
0.290578
0.52186
0.399959
0.442093
0.529274
0.57971
0.49541
0.439792
0.688071
0.702474
0.743798
0.637492
0.661351
0.819076
0.54617
0.596841
0.432529
0.620886
0.815099
0.429084
0.573985
0.887835
0.470531
0.114814
0.141988
0.298058
0.293987
0.736477
0.40248
0.285244
0.540257
0.470406
0.382861
0.550038
0.449942
0.285342
0.152481
0.322917
0.152866
0.205213
0.180823
0.147032
0.308933
0.103649
0.108174
0.194712
0.153582
0.170661
0.649435
0.373137
0.537204
0.578966
0.37704
0.489284
0.701976
0.447945
0.477825
0.67132
0.887562
0.434203
0.467717
0.729849
0.638259
0.809632
0.483558
0.758551
0.706541
0.723077
0.845196
0.856607
0.644986
0.440597
0.816445
0.824028
0.741186
0.607153
0.75516
0.597511
0.13714
0.594861
0.317052
0.530475
0.409844
0.803127
0.625159
0.882557
0.928753
0.934743
0.910584
0.588651
0.657955
0.287663
0.541463
0.157542
0.286005
0.528336
0.317128
0.499372
0.830247
0.492857
0.476011
0.815164
0.65013
0.539834
0.794437
0.895048
0.538641
0.667556
0.773823
0.624078
0.228113
0.675683
0.775582
0.702396
0.697643
0.402936
0.185896
0.374956
0.372335
0.130925
0.660935
0.89833
0.923654
0.765984
0.796983
0.509938
0.406235
0.574036
0.494312
0.29128
0.548776
0.504497
0.336262
0.061861
0.307239
0.37737
0.168731
0.204547
0.105824
0.186255
0.155874
0.320197
0.221183
0.429147
0.414524
0.455666
0.637257
0.572179
0.906349
0.399614
0.746714
0.687301
0.48717
0.273751
0.434869
0.186163
0.119867
0.10467
0.241451
0.055262
0.230054
0.332201
0.217361
0.38418
0.58584
0.478998
0.531844
0.327437
0.426634
0.355772
0.123304
0.249632
0.675503
0.263637
0.190824
0.652951
0.413662
0.239817
0.449312
0.575105
0.186172
0.632324
0.495764
0.873128
0.743057
0.60154
0.798432
0.630144
0.637441
0.841199
0.874762
0.857544
0.901696
0.816888
0.768637
0.838305
0.788878
0.583586
0.598233
0.804554
0.413491
0.569378
0.464761
0.527292
0.30137
0.306196
0.136418
0.261636
0.147009
0.386204
0.519374
0.410048
0.435179
0.532225
0.45665
0.684634
0.39165
0.681498
0.462412
0.222196
0.155053
0.274178
0.26449
0.256339
0.162101
0.501873
0.384277
0.884952
0.872681
0.971479
0.945264
0.946842
0.659539
0.496641
0.865147
0.879967
0.796516
0.767553
0.875088
0.447061
0.276951
0.81155
0.778143
0.525587
0.260876
0.761657
0.548064
0.38269
0.261237
0.189593
0.119665
0.220927
0.115022
0.418458
0.26958
0.671222
0.638713
0.411349
0.714204
0.576299
0.42345
0.322165
0.447962
0.548663
0.599201
0.392436
0.372775
0.348794
0.21223
0.414397
0.595211
0.36944
0.691044
0.570478
0.341097
0.515356
0.448885
0.446543
0.249811
0.413576
0.336668
0.174489
0.394647
0.434313
0.0867147
0.226597
0.444421
0.0457231
0.405164
0.149571
0.423817
0.229493
0.283044
0.337343
0.577484
0.141513
0.753021
0.868241
0.948034
0.379401
0.0414867
0.697336
0.562681
0.184571
0.621545
0.731993
0.331011
0.145625
0.676283
0.60522
0.432132
0.29253
0.151568
0.236511
0.271281
0.255575
0.282916
0.218843
0.460185
0.508502
0.577978
0.497882
0.822409
0.666767
0.827098
0.89789
0.791528
0.823052
0.767546
0.570418
0.318662
0.521995
0.363414
0.87048
0.691795
0.400082
0.723249
0.769607
0.465542
0.429547
0.74643
0.538633
0.880803
0.878079
0.505607
0.875523
0.879427
0.622854
0.66027
0.791803
0.437815
0.274606
0.115116
0.190197
0.436105
0.604714
0.238472
0.252716
0.462979
0.814905
0.175395
0.207618
0.184757
0.607287
0.284557
0.494139
0.73513
0.929437
0.61391
0.591665
0.892079
0.907253
0.717788
0.636015
0.814488
0.504126
0.484875
0.803545
0.648323
0.918873
0.821639
0.897352
0.551632
0.391524
0.57288
0.729204
0.845908
0.715479
0.557295
0.270839
0.479703
0.420039
0.369672
0.300072
0.554812
0.415015
0.635126
0.629962
0.59854
0.712955
0.805472
0.68049
0.273688
0.572741
0.80173
0.65001
0.266877
0.807773
0.891121
0.422958
0.358876
0.597219
0.589966
0.283712
0.325887
0.236838
0.190506
0.722874
0.294491
0.184944
0.85275
0.843863
0.161016
0.809777
0.840101
0.388425
0.218546
0.625118
0.156725
0.326362
0.578998
0.789663
0.301593
0.637103
0.807189
0.572488
0.596929
0.675926
0.756926
0.455809
0.738373
0.641865
0.638972
0.347424
0.280867
0.294441
0.344061
0.412014
0.385051
0.557708
0.421351
0.400794
0.411634
0.77759
0.714871
0.912517
0.910489
0.941311
0.694602
0.350369
0.439288
0.87591
0.628444
0.290303
0.651817
0.661954
0.139257
0.303293
0.755709
0.415599
0.184964
0.187113
0.310865
0.404943
0.472488
0.404515
0.440905
0.454549
0.320396
0.264875
0.368009
0.442194
0.867985
0.93402
0.465266
0.711763
0.796904
0.356452
0.56824
0.562976
0.624247
0.285188
0.465684
0.480916
0.370287
0.327692
0.452573
0.424958
0.264641
0.409235
0.334029
0.122557
0.0487164
0.0996498
0.188873
0.0937415
