0.380713
0.709518
0.605987
0.541144
0.671589
0.425331
0.737274
0.622669
0.885857
0.836423
0.652348
0.443974
0.708407
0.381037
0.43391
0.591298
0.805062
0.879588
0.749152
0.578479
0.410628
0.517592
0.327619
0.335087
0.413322
0.353293
0.1753
0.246109
0.521397
0.184701
0.508958
0.356892
0.523931
0.396265
0.451434
0.597867
0.517526
0.429987
0.466455
0.627349
0.635242
0.697738
0.579768
0.580036
0.740707
0.444967
0.487709
0.360167
0.567767
0.702689
0.334983
0.577992
0.798566
0.366301
0.113542
0.127609
0.320987
0.231887
0.731922
0.358951
0.274745
0.485623
0.464138
0.361236
0.497097
0.448229
0.322072
0.179763
0.283833
0.173398
0.344463
0.194571
0.102836
0.378388
0.158389
0.109884
0.260991
0.247961
0.41478
0.489222
0.707927
0.593065
0.437345
0.331364
0.664355
0.410958
0.499819
0.557599
0.347647
0.476481
0.692253
0.309783
0.361377
0.51623
0.773166
0.43746
0.352994
0.535248
0.603048
0.756353
0.442313
0.758845
0.683683
0.713955
0.825765
0.851466
0.628858
0.416739
0.813187
0.827473
0.760823
0.650588
0.751552
0.653038
0.293083
0.71535
0.445406
0.591007
0.350798
0.794513
0.618228
0.899787
0.920928
0.923884
0.906389
0.663635
0.656031
0.315107
0.537197
0.181322
0.251805
0.485401
0.33748
0.494899
0.790664
0.530667
0.483057
0.795641
0.62815
0.525301
0.792416
0.882251
0.482647
0.662404
0.788221
0.531661
0.263521
0.584736
0.740187
0.60147
0.697883
0.415439
0.433243
0.427625
0.367542
0.121579
0.625098
0.84718
0.925753
0.737121
0.759963
0.479272
0.381376
0.495913
0.508425
0.329713
0.481054
0.45478
0.371298
0.0655954
0.240008
0.452968
0.193242
0.300732
0.177121
0.211281
0.186587
0.47479
0.39648
0.555939
0.422449
0.539195
0.609286
0.62188
0.903838
0.321655
0.659081
0.670409
0.431629
0.256377
0.424231
0.183368
0.121793
0.0942374
0.2795
0.0940111
0.312519
0.369425
0.245943
0.445259
0.645957
0.600413
0.605576
0.29708
0.524614
0.381332
0.121834
0.313182
0.66883
0.241071
0.175493
0.603947
0.414049
0.189928
0.472978
0.658317
0.209406
0.709032
0.504653
0.87219
0.7641
0.580043
0.813287
0.609395
0.641675
0.849286
0.857352
0.852981
0.904166
0.79965
0.777424
0.837096
0.816944
0.637421
0.606469
0.811489
0.39254
0.580285
0.468848
0.527946
0.295812
0.31325
0.129632
0.239108
0.134193
0.429412
0.514707
0.416804
0.417775
0.527297
0.445013
0.708845
0.410793
0.673943
0.476512
0.248527
0.247553
0.390376
0.316171
0.30379
0.180246
0.484301
0.36705
0.89114
0.927168
0.968706
0.941894
0.945314
0.666675
0.472949
0.865004
0.879046
0.794984
0.769745
0.861871
0.442101
0.301411
0.81039
0.791373
0.54614
0.291148
0.769343
0.587691
0.464895
0.399218
0.204548
0.1449
0.273861
0.134505
0.414897
0.249494
0.679768
0.627352
0.468329
0.61843
0.525762
0.437768
0.30919
0.416606
0.52915
0.560602
0.41459
0.409886
0.320325
0.245603
0.420503
0.64235
0.444476
0.685656
0.499942
0.319677
0.539716
0.411238
0.411334
0.249693
0.420021
0.307971
0.148159
0.387801
0.435476
0.0800518
0.233696
0.445936
0.0506799
0.403482
0.134912
0.428893
0.274436
0.458014
0.345102
0.607933
0.105691
0.694307
0.866848
0.945298
0.339942
0.0178424
0.770594
0.531306
0.184889
0.669053
0.803533
0.299473
0.183384
0.78573
0.565479
0.414343
0.333292
0.0978964
0.19799
0.289285
0.306064
0.495145
0.349526
0.470451
0.563599
0.617535
0.51648
0.837107
0.752619
0.859379
0.900252
0.83164
0.845914
0.756658
0.554232
0.332483
0.551306
0.394512
0.790117
0.627854
0.418203
0.710331
0.766824
0.41075
0.579663
0.76943
0.525045
0.852015
0.855526
0.224202
0.770149
0.828996
0.614529
0.457655
0.67311
0.468554
0.308176
0.102878
0.1912
0.318388
0.468985
0.196801
0.223026
0.373276
0.743645
0.140593
0.168888
0.118346
0.536681
0.333264
0.50418
0.731926
0.934873
0.598321
0.57253
0.871358
0.911244
0.77165
0.672026
0.787138
0.442836
0.482004
0.687875
0.60442
0.864674
0.771178
0.880835
0.788952
0.317831
0.256432
0.136746
0.084961
0.143699
0.147892
0.393607
0.688885
0.646347
0.46871
0.297652
0.55975
0.382008
0.305695
0.312395
0.51525
0.414071
0.637749
0.53093
0.542951
0.651449
0.749052
0.679663
0.295785
0.544045
0.779383
0.599242
0.285794
0.801903
0.846614
0.428061
0.299454
0.54342
0.557573
0.253444
0.28469
0.219185
0.101109
0.647868
0.325945
0.328346
0.765035
0.754374
0.12857
0.815436
0.813224
0.427151
0.267819
0.674882
0.229582
0.324588
0.567339
0.760916
0.371849
0.566536
0.737345
0.489533
0.520011
0.673236
0.718488
0.405039
0.720377
0.639779
0.653197
0.351965
0.328445
0.419772
0.423781
0.485893
0.46734
0.551463
0.535388
0.446792
0.430477
0.714062
0.762099
0.891089
0.896552
0.950746
0.721923
0.487929
0.526107
0.903854
0.715455
0.429913
0.677695
0.77784
0.222054
0.402727
0.783724
0.416751
0.187577
0.161519
0.310541
0.386886
0.491653
0.417749
0.521231
0.527585
0.315118
0.261585
0.380213
0.44154
0.871067
0.935472
0.481944
0.739864
0.749096
0.260596
0.562348
0.574561
0.676156
0.350376
0.484602
0.532534
0.406987
0.379306
0.504262
0.532857
0.328993
0.474142
0.513088
0.253697
0.0980481
0.189884
0.337014
0.367585
