0.711067
0.555232
0.550296
0.452375
0.695223
0.65485
0.889955
0.865177
0.695203
0.464423
0.797161
0.626182
0.675293
0.646842
0.820985
0.887393
0.764246
0.571388
0.502901
0.535738
0.308999
0.406449
0.441546
0.429836
0.186338
0.29337
0.618181
0.224051
0.625125
0.402366
0.493889
0.347774
0.46399
0.567503
0.567581
0.458706
0.484544
0.654249
0.738479
0.75444
0.523851
0.628045
0.72571
0.360914
0.533511
0.324465
0.622607
0.768643
0.319501
0.521355
0.797763
0.334898
0.105264
0.115597
0.237936
0.190826
0.671799
0.375011
0.228146
0.46883
0.516919
0.375829
0.42072
0.474087
0.410596
0.205271
0.19088
0.399996
0.475402
0.26403
0.176775
0.487759
0.260119
0.16676
0.278769
0.317078
0.502312
0.632366
0.792758
0.705387
0.596858
0.44576
0.764975
0.528398
0.6109
0.600441
0.383905
0.503288
0.647446
0.353221
0.382268
0.576889
0.806284
0.432969
0.384582
0.678438
0.648518
0.789831
0.510662
0.772403
0.691115
0.707752
0.852079
0.823186
0.576443
0.387401
0.795698
0.82173
0.713937
0.641508
0.759849
0.578013
0.279577
0.703586
0.390027
0.633789
0.417726
0.780568
0.635632
0.847362
0.9071
0.898525
0.859348
0.567989
0.610103
0.27291
0.556407
0.226113
0.244661
0.442555
0.2847
0.460793
0.792972
0.512353
0.431803
0.827881
0.648614
0.510546
0.816806
0.902012
0.459031
0.640978
0.795883
0.498139
0.226127
0.559421
0.733588
0.577144
0.638702
0.285757
0.341403
0.35586
0.275726
0.102067
0.483378
0.812365
0.887676
0.758056
0.704587
0.450598
0.338898
0.376933
0.545501
0.318204
0.401726
0.414229
0.32487
0.0526748
0.241097
0.401774
0.194838
0.285463
0.161602
0.231577
0.117217
0.4487
0.373455
0.4033
0.4991
0.508729
0.570363
0.596704
0.882356
0.318821
0.629927
0.715007
0.533366
0.231442
0.408414
0.216245
0.118755
0.085517
0.300483
0.0666781
0.357611
0.287436
0.345451
0.391053
0.637518
0.601356
0.516142
0.332944
0.525923
0.318859
0.105353
0.235723
0.652049
0.198671
0.202178
0.62616
0.415745
0.138814
0.416955
0.605628
0.0963774
0.646629
0.506055
0.861037
0.756687
0.596495
0.797143
0.654059
0.610198
0.845944
0.878252
0.838431
0.900023
0.785728
0.725971
0.791966
0.769644
0.559176
0.524126
0.794263
0.403025
0.570042
0.369336
0.44356
0.213623
0.261335
0.112058
0.236583
0.1028
0.416727
0.564394
0.377795
0.40844
0.438972
0.450934
0.678829
0.402363
0.638569
0.467741
0.245734
0.21925
0.390515
0.295263
0.283914
0.191171
0.478529
0.432454
0.821757
0.902311
0.969185
0.941548
0.938859
0.575851
0.503842
0.831106
0.848833
0.73934
0.734385
0.844343
0.485356
0.257955
0.775131
0.787754
0.60899
0.20261
0.769279
0.611077
0.44546
0.401925
0.203877
0.169423
0.235124
0.190988
0.360722
0.238029
0.680863
0.602808
0.472147
0.634852
0.330788
0.387151
0.30438
0.403672
0.565024
0.624561
0.422251
0.435705
0.389495
0.273694
0.447969
0.668318
0.442123
0.633026
0.511249
0.342366
0.538982
0.436099
0.432984
0.222444
0.397986
0.306424
0.14394
0.306457
0.351921
0.0754288
0.138712
0.315004
0.0412413
0.335573
0.150436
0.401168
0.242855
0.446388
0.312891
0.680515
0.0926952
0.587038
0.869516
0.932891
0.340636
0.0243481
0.727394
0.565696
0.20541
0.639922
0.789673
0.297283
0.213195
0.76677
0.598772
0.394879
0.262057
0.113002
0.170377
0.264041
0.252798
0.441031
0.397996
0.523041
0.48133
0.563231
0.562321
0.840997
0.757755
0.82241
0.905749
0.855127
0.850455
0.71929
0.563592
0.350814
0.50878
0.409614
0.805788
0.647294
0.41415
0.681498
0.751484
0.406269
0.59435
0.698663
0.60966
0.876507
0.843942
0.278601
0.740107
0.796277
0.603488
0.480124
0.624901
0.482621
0.316036
0.139959
0.261911
0.368204
0.465636
0.241986
0.336552
0.416916
0.749768
0.129045
0.273919
0.142482
0.581709
0.352829
0.54067
0.791265
0.946477
0.589392
0.654748
0.907516
0.916333
0.78965
0.656137
0.819938
0.502215
0.435468
0.748922
0.701374
0.897454
0.845703
0.859114
0.831748
0.433828
0.351023
0.198844
0.121483
0.199588
0.161265
0.453536
0.75737
0.728786
0.498371
0.416649
0.621387
0.413395
0.369072
0.32023
0.604926
0.411684
0.624592
0.556514
0.533163
0.640901
0.757281
0.664912
0.282865
0.51142
0.751022
0.64163
0.293861
0.763834
0.815933
0.413955
0.337191
0.519704
0.529264
0.283503
0.259049
0.288309
0.101225
0.595206
0.399431
0.389194
0.715103
0.660003
0.235775
0.833324
0.752397
0.463412
0.314088
0.648622
0.240929
0.412255
0.540529
0.762157
0.391777
0.595425
0.732834
0.504797
0.52694
0.647177
0.689722
0.391608
0.726341
0.600578
0.604005
0.244455
0.273001
0.346359
0.398321
0.531702
0.475806
0.581507
0.537935
0.48439
0.41681
0.663888
0.762757
0.906204
0.896836
0.955277
0.712456
0.49816
0.475436
0.915233
0.754337
0.392373
0.675606
0.794087
0.169587
0.365636
0.755291
0.384357
0.180952
0.191555
0.297487
0.43668
0.60669
0.496635
0.542132
0.538086
0.32059
0.229105
0.361273
0.420872
0.876587
0.938922
0.429906
0.701776
0.775968
0.308496
0.547374
0.57441
0.645872
0.345643
0.5076
0.611033
0.428062
0.438298
0.566539
0.552448
0.34352
0.503986
0.520436
0.270322
0.062213
0.13823
0.327166
0.396859
0.0467248
