0.447841
0.808963
0.924805
0.35238
0.687109
0.885389
0.679292
0.658444
0.424897
0.494492
0.351411
0.511386
0.290389
0.406339
0.332319
0.170588
0.17976
0.384312
0.344953
0.0931767
0.285837
0.658941
0.289417
0.094013
0.571774
0.347761
0.811827
0.327477
0.376599
0.512133
0.22977
0.426189
0.272444
0.152382
0.0924034
0.629019
0.528071
0.377711
0.361594
0.0849932
0.143733
0.452497
0.318164
0.0552819
0.130905
0.229527
0.0751698
0.325648
0.208869
0.777511
0.638405
0.296443
0.061471
0.565348
0.848521
0.869082
0.842355
0.644024
0.621166
0.529491
0.414843
0.281226
0.11874
0.289346
0.414993
0.338496
0.104393
0.107237
0.381436
0.652646
0.449784
0.729229
0.589327
0.412272
0.179886
0.502825
0.588956
0.741168
0.808716
0.71048
0.639824
0.456639
0.634544
0.544575
0.127637
0.365672
0.240433
0.285272
0.390783
0.425417
0.388878
0.630505
0.537506
0.592639
0.640565
0.443425
0.569763
0.710333
0.642474
0.68822
0.728704
0.615488
0.548217
0.529606
0.479419
0.565168
0.731528
0.421384
0.500425
0.687951
0.518941
0.628796
0.585587
0.61005
0.671528
0.690822
0.642175
0.557548
0.745988
0.755639
0.516694
0.610482
0.43754
0.473491
0.658542
0.477425
0.40433
0.562629
0.448722
0.355016
0.329106
0.172587
0.42444
0.660161
0.628432
0.663144
0.595528
0.517602
0.500661
0.577209
0.697524
0.73048
0.689354
0.759595
0.564008
0.238336
0.698724
0.340002
0.538544
0.100507
0.473125
0.712549
0.670734
0.768453
0.689668
0.696805
0.695708
0.258444
0.614632
0.613862
0.536569
0.276221
0.569045
0.668705
0.335604
0.133507
0.319225
0.6103
0.057966
0.488522
0.199194
0.503083
0.346677
0.545038
0.495795
0.764194
0.665305
0.605373
0.393287
0.755011
0.661194
0.709306
0.81876
0.595946
0.330888
0.507352
0.333406
0.583899
0.308269
0.374305
0.423975
0.599168
0.391432
0.12245
0.285149
0.569465
0.145658
0.226251
0.192914
0.456894
0.617334
0.401018
0.336686
0.481299
0.733746
0.772648
0.825952
0.698694
0.627421
0.270884
0.459771
0.558292
0.44127
0.428453
0.353502
0.527352
0.341139
0.271358
0.350518
0.474074
0.368658
0.217126
0.361959
0.354188
0.158389
0.1751
0.326728
0.119952
0.328667
0.348583
0.416884
0.360839
0.695863
0.660385
0.842225
0.329846
0.386482
0.383759
0.431383
0.229745
0.711544
0.61104
0.211157
0.527955
0.719307
0.246437
0.172444
0.54168
0.419819
0.0915437
0.487824
0.104828
0.228385
0.384975
0.477883
0.210182
0.69515
0.449315
0.625541
0.704633
0.826881
0.460576
0.776783
0.85095
0.776517
0.748071
0.73874
0.699772
0.350171
0.547344
0.573457
0.848226
0.794766
0.841125
0.817616
0.836219
0.689851
0.507925
0.600369
0.440553
0.455758
0.420638
0.753956
0.826019
0.778314
0.762011
0.733715
0.734485
0.646785
0.675069
0.690605
0.723545
0.324881
0.205281
0.437739
0.385313
0.140747
0.387258
0.605854
0.303684
0.365542
0.384366
0.424213
0.472187
0.486747
0.528401
0.555269
0.761324
0.759403
0.619536
0.823416
0.820907
0.699318
0.573475
0.66647
0.606701
0.672426
0.547414
0.440918
0.486989
0.308145
0.611045
0.372619
0.453016
0.613169
0.747984
0.832649
0.802135
0.795381
0.695296
0.623704
0.501177
0.782205
0.762345
0.431379
0.573382
0.275666
0.563829
0.360797
0.329672
0.155008
0.222329
0.125688
0.056264
0.204652
0.411165
0.160319
0.13361
0.449768
0.433871
0.174791
0.424379
0.496445
0.133851
0.161561
0.329916
0.0707516
0.321243
0.225261
0.506372
0.549252
0.73569
0.63512
0.76261
0.421864
0.369664
0.143384
0.164451
0.0786234
0.225106
0.458804
0.10492
0.418467
0.357315
0.498165
0.488028
0.315548
0.40106
0.350739
0.539646
0.402761
0.57962
0.286403
0.494556
0.405098
0.524664
0.438874
0.305189
0.412931
0.235549
0.305237
0.175507
0.307089
0.0976832
0.187349
0.15527
0.122755
0.140005
0.475199
0.764305
0.555639
0.787991
0.580344
0.856169
0.842251
