0.786212
0.57155
0.65894
0.436003
0.749367
0.630799
0.852348
0.826035
0.668444
0.440545
0.764018
0.357128
0.425162
0.586897
0.80289
0.870282
0.812215
0.642868
0.484577
0.587159
0.42299
0.413392
0.53306
0.432622
0.208089
0.330301
0.638445
0.206402
0.612258
0.368373
0.52958
0.393163
0.447574
0.618478
0.595323
0.489213
0.476613
0.640688
0.671486
0.744357
0.617611
0.677377
0.727437
0.432683
0.505894
0.340943
0.564047
0.747117
0.333627
0.512563
0.777162
0.373486
0.10537
0.123158
0.251011
0.228671
0.690599
0.414027
0.231381
0.460604
0.501444
0.390353
0.452848
0.430967
0.449167
0.191437
0.223536
0.203319
0.430954
0.198199
0.121151
0.438052
0.192577
0.12054
0.267092
0.328224
0.48548
0.57643
0.805747
0.717204
0.576652
0.426643
0.786993
0.562733
0.661793
0.63232
0.417522
0.583339
0.700587
0.378661
0.431775
0.565205
0.779739
0.445882
0.3869
0.53733
0.601564
0.765976
0.486651
0.761173
0.678874
0.71927
0.845401
0.841378
0.560428
0.432909
0.815585
0.814752
0.76304
0.642903
0.745999
0.61934
0.259337
0.774376
0.40613
0.576656
0.397603
0.812568
0.660618
0.900843
0.923931
0.914157
0.893278
0.629063
0.635633
0.296401
0.578711
0.215279
0.265145
0.479996
0.338219
0.486985
0.765375
0.541616
0.461788
0.799127
0.613552
0.507034
0.789117
0.881283
0.50252
0.648121
0.763044
0.519017
0.223084
0.588865
0.734365
0.623098
0.67637
0.437066
0.413925
0.404162
0.382287
0.116483
0.591209
0.839918
0.843428
0.773729
0.763503
0.429424
0.380261
0.510289
0.477512
0.326763
0.523727
0.44949
0.316524
0.0591813
0.313777
0.421132
0.199843
0.30154
0.155263
0.19453
0.150974
0.510281
0.429573
0.488356
0.433567
0.545792
0.6166
0.654273
0.912001
0.298418
0.664724
0.711738
0.410756
0.199281
0.377086
0.156965
0.0868008
0.0673116
0.224321
0.0463619
0.330655
0.345429
0.292514
0.481168
0.632407
0.659292
0.621882
0.278132
0.518137
0.356308
0.128487
0.313375
0.658683
0.210976
0.268754
0.696191
0.383424
0.177117
0.480276
0.692516
0.180207
0.685298
0.479986
0.861009
0.721774
0.5781
0.796014
0.631038
0.648788
0.853347
0.849127
0.832718
0.90211
0.775187
0.750027
0.804564
0.788934
0.612835
0.571166
0.79243
0.444128
0.600931
0.474724
0.566981
0.294469
0.343696
0.129967
0.272298
0.127727
0.442671
0.526662
0.443279
0.426052
0.531769
0.527435
0.696284
0.44964
0.663638
0.484575
0.273441
0.254136
0.398961
0.311849
0.272305
0.193289
0.566741
0.380294
0.892051
0.914935
0.970558
0.95036
0.945044
0.582399
0.516587
0.850075
0.880298
0.821069
0.759735
0.862103
0.477755
0.250252
0.788425
0.764835
0.588082
0.235296
0.759481
0.560237
0.454249
0.412189
0.240371
0.149945
0.295307
0.128787
0.460199
0.237576
0.644257
0.656167
0.514131
0.679712
0.498765
0.423993
0.331544
0.428716
0.549404
0.608752
0.394892
0.40885
0.332318
0.236273
0.323068
0.631553
0.424831
0.638607
0.512836
0.308343
0.500189
0.419292
0.427885
0.226328
0.405331
0.294032
0.158264
0.36286
0.401126
0.0702956
0.233046
0.421824
0.0458888
0.382774
0.125256
0.397913
0.237126
0.398619
0.388211
0.680497
0.10935
0.687529
0.875947
0.947866
0.285427
0.0181917
0.754163
0.570533
0.156919
0.651842
0.789235
0.293255
0.149497
0.782459
0.592576
0.384203
0.305897
0.0807831
0.169569
0.219166
0.259854
0.375254
0.34042
0.493541
0.482418
0.660368
0.584319
0.828302
0.702985
0.816304
0.887426
0.829202
0.837298
0.720965
0.550091
0.360423
0.541841
0.406028
0.756937
0.61574
0.41158
0.68431
0.792828
0.431659
0.535357
0.763916
0.588651
0.868771
0.850379
0.313847
0.753329
0.778416
0.548915
0.493328
0.640655
0.468518
0.246816
0.0934197
0.225119
0.397471
0.438339
0.227315
0.244679
0.407447
0.739996
0.130486
0.209248
0.151918
0.559269
0.344436
0.513791
0.778636
0.945649
0.579574
0.597288
0.894161
0.925344
0.780321
0.675835
0.761933
0.505171
0.402754
0.694351
0.65032
0.866706
0.675574
0.852726
0.793367
0.420468
0.264358
0.26175
0.202375
0.18134
0.234496
0.430732
0.70781
0.639256
0.404724
0.291179
0.580982
0.353714
0.374659
0.272823
0.570105
0.3967
0.597925
0.507313
0.501418
0.633355
0.739735
0.659223
0.292559
0.543879
0.772291
0.630099
0.297514
0.795374
0.840182
0.39752
0.30412
0.544229
0.587968
0.247726
0.264534
0.254147
0.0980153
0.656993
0.327277
0.37205
0.786891
0.763809
0.133483
0.858604
0.780468
0.432711
0.24711
0.62769
0.223127
0.337835
0.53799
0.724566
0.395353
0.577436
0.733759
0.471653
0.536032
0.673226
0.702112
0.398204
0.726641
0.642412
0.62327
0.330773
0.244871
0.268515
0.368386
0.493493
0.551989
0.585647
0.555797
0.526507
0.459377
0.695655
0.76215
0.893505
0.898033
0.952474
0.73165
0.505605
0.481352
0.898075
0.709884
0.39913
0.662002
0.775209
0.191766
0.376001
0.784792
0.42018
0.192109
0.147711
0.304826
0.37286
0.519422
0.456221
0.57652
0.586298
0.327006
0.281207
0.407606
0.402583
0.872768
0.951797
0.54772
0.792067
0.735136
0.244761
0.531977
0.560182
0.648236
0.401533
0.519114
0.571062
0.409928
0.438915
0.505813
0.49534
0.314145
0.43352
0.435718
0.23198
0.0509873
0.0984896
0.26588
0.335971
0.0424634
