0.0527857
0.0274198
0.303605
0.322284
0.126719
0.303886
0.668511
0.269117
0.309381
0.718996
0.761324
0.501492
0.584281
0.709193
0.556292
0.651007
0.379856
0.0621731
0.0995927
0.337705
0.469227
0.159686
0.160621
0.655787
0.282908
0.176318
0.394773
0.476392
0.366108
0.283874
0.321923
0.392969
0.39417
0.137531
0.225992
0.486391
0.261898
0.440561
0.0576944
0.215191
0.393217
0.281963
0.286088
0.302687
0.500473
0.460038
0.681163
0.443123
0.845673
0.769895
0.829136
0.747835
0.584347
0.576522
0.597166
0.603115
0.435348
0.322303
0.42089
0.280417
0.20865
0.411345
0.201369
0.324858
0.576084
0.503348
0.39615
0.585331
0.676201
0.921312
0.944673
0.950602
0.947675
0.890319
0.907946
0.63807
0.625022
0.531812
0.608004
0.503861
0.292287
0.552773
0.295199
0.256169
0.102962
0.0647975
0.0942792
0.233118
0.389922
0.572162
0.321075
0.498306
0.526304
0.523891
0.600662
0.717997
0.733831
0.622684
0.865128
0.775184
0.865849
0.527357
0.671022
0.901766
0.839425
0.37951
0.35911
0.433487
0.240328
0.385934
0.790712
0.539667
0.124919
0.546113
0.665361
0.152978
0.199802
0.35812
0.526172
0.267119
0.231121
0.552354
0.599899
0.287669
0.374162
0.577348
0.471372
0.595947
0.666661
0.438082
0.581372
0.6311
0.642962
0.593136
0.60693
0.194327
0.839207
0.824829
0.941634
0.929175
0.972108
0.93604
0.877758
0.834176
0.764135
0.565781
0.712887
0.715239
0.507108
0.499968
0.790864
0.408564
0.88879
0.678666
0.873751
0.935369
0.935685
0.970398
0.946128
0.938458
0.849089
0.767012
0.63268
0.272609
0.503013
0.514742
0.127579
0.309359
0.246526
0.735666
0.587831
0.367179
0.278871
0.452201
0.417046
0.146005
0.0565432
0.320615
0.228826
0.0868267
0.114722
0.0597641
0.234448
0.746325
0.650757
0.759383
0.781718
0.66475
0.555915
0.649146
0.758881
0.661261
0.895257
0.797874
0.589423
0.560772
0.258308
0.670406
0.234065
0.621938
0.656774
0.41377
0.254901
0.679954
0.483006
0.251154
0.297839
0.269577
0.180866
0.333731
0.428606
0.0326299
0.721593
0.90656
0.77499
0.812399
0.973784
0.722555
0.514503
0.833474
0.498247
0.240112
0.58283
0.726768
0.590137
0.594146
0.573362
0.341208
0.379721
0.575491
0.212704
0.513548
0.630471
0.467792
0.531752
0.25115
0.492769
0.594036
0.658379
0.75531
0.23008
0.628387
0.808735
0.421048
0.923239
0.654433
0.820422
0.638898
0.536637
0.516015
0.217887
0.245529
0.312879
0.390534
0.678586
0.321567
0.363912
0.739591
0.664349
0.823793
0.52013
0.736537
0.407803
0.389655
0.595327
0.730995
0.424875
0.364225
0.853072
0.906081
0.927474
0.882502
0.678576
0.221495
0.779908
0.813969
0.343131
0.652368
0.626823
0.616244
0.584429
0.585361
0.346308
0.823168
0.939455
0.823166
0.617209
0.189601
0.617932
0.60276
0.515158
0.349061
0.541622
0.723494
0.409837
0.315974
0.569266
0.65406
0.0790158
0.272574
0.380371
0.0727518
0.636912
0.452732
0.296481
0.120587
0.0665367
0.203321
0.294052
0.108215
0.184885
0.137566
0.394329
0.497853
0.268651
0.82616
0.731106
0.371645
0.425007
0.7885
0.679312
0.757355
0.171143
0.437672
0.531696
0.311872
0.325448
0.394535
0.539187
0.320213
0.300118
0.103336
0.299657
0.401129
0.0735933
0.107547
0.0906706
0.0815081
0.040404
0.190563
0.256087
0.0462812
0.12764
0.245059
0.0319145
0.126101
0.0583983
0.266528
0.19973
0.171802
0.382417
0.27871
0.0718098
0.379234
0.461276
0.416334
0.141252
0.423189
0.722475
0.165826
0.22213
0.539755
0.695202
0.221373
0.395466
0.774359
0.389209
0.298742
0.214821
0.702714
0.660258
0.154662
0.0761109
0.244763
0.393994
0.0734882
0.20087
0.45849
0.444395
0.302204
0.539178
0.59095
0.397186
0.227183
0.523226
0.60183
0.142951
0.126851
0.137224
0.263059
0.441845
0.421156
0.385094
0.336697
0.366194
0.264753
0.642686
0.851685
0.93304
0.900945
0.821312
0.63047
0.729397
0.672944
0.451665
0.411146
0.286256
0.422048
0.496792
0.464849
0.215099
0.35629
0.439054
0.207335
0.142398
0.293242
0.330803
0.152303
0.247974
0.346878
0.216468
0.18256
0.276831
0.199685
0.561851
0.471312
0.664306
0.475218
0.661991
0.593639
0.56754
0.566832
0.715057
0.550147
0.448055
0.669563
0.295053
0.382005
0.211536
0.428804
0.457614
0.333928
0.324345
0.484239
0.606704
0.50567
0.451443
0.631804
0.492172
0.435231
0.4608
0.609656
0.419049
0.277095
0.643074
0.426722
0.23825
0.421815
0.64577
0.34457
0.457289
0.752917
0.564347
0.671967
0.256589
0.310412
0.0747643
0.463689
0.579363
0.277131
0.377675
0.700917
0.303016
0.382691
0.498549
0.450754
0.505848
0.406631
0.349248
0.392728
0.36869
0.15552
0.111771
0.400313
0.286845
0.312554
0.0497191
0.0970787
0.274248
0.257056
0.211385
0.254709
0.483177
0.474975
0.633368
0.323039
0.848909
0.750367
0.85995
0.721041
0.623548
0.565116
0.676277
0.581286
0.44971
0.344988
0.578783
0.429982
0.30981
0.403245
0.205797
0.356073
0.426263
0.59411
0.444413
0.655678
0.684514
0.937677
0.961613
0.95421
0.963836
0.923358
0.919814
0.736338
0.549429
0.622118
0.628476
0.483679
0.358045
0.715803
0.434783
0.666252
0.364562
0.174424
0.414245
0.631955
0.639312
0.770577
0.315516
0.563152
0.639704
0.672466
0.78462
0.868852
0.859108
0.84594
0.905757
0.807775
0.915784
0.536129
0.596271
0.89835
0.815941
0.33036
0.260889
0.355843
0.164525
0.303108
0.799494
0.432635
0.0859815
0.562126
0.651631
0.267676
0.280622
0.495389
0.492273
0.387611
0.31182
0.635493
0.717418
0.275723
0.579018
0.605865
0.208586
0.667465
0.684435
0.379693
0.500128
0.648918
0.642301
0.425171
0.641297
0.194494
0.857954
0.848391
0.941437
0.949677
0.970062
0.927226
0.857902
0.764022
0.804601
0.516066
0.590238
0.725178
0.501806
0.352147
0.756914
0.45401
0.911425
0.682157
0.873153
0.939242
0.960932
0.977548
0.939218
0.957222
0.84922
0.561771
0.51647
0.199454
0.43346
0.74457
0.149439
0.387422
0.233095
0.7719
0.567915
0.32008
0.312479
0.441436
0.357448
0.0751309
0.0570381
0.235909
0.142974
0.0555101
0.129823
0.0794792
0.309902
0.714938
0.446519
0.565906
0.492518
0.567481
0.459923
0.54549
0.811825
0.7164
0.901013
0.837344
0.57698
0.529053
0.264033
0.733019
0.198769
0.64135
0.672253
0.436041
0.366993
0.802988
0.634008
0.218811
0.357696
0.307992
0.16195
0.470638
0.51772
0.0289276
0.662759
0.911658
0.727787
0.806118
0.976534
0.746054
0.489978
0.78018
0.436236
0.243903
0.63627
0.784498
0.760754
0.674666
0.457894
0.35796
0.423572
0.413306
0.101777
0.352388
0.471696
0.263509
0.305333
0.204238
0.34982
0.581747
0.620602
0.716285
0.129771
0.545143
0.814946
0.536089
0.94701
0.68402
0.886248
0.68668
0.546854
0.573374
0.247607
0.316065
0.339708
0.46441
0.729136
0.295654
0.404904
0.736686
0.64444
0.673443
0.522501
0.683919
0.365875
0.367817
0.670976
0.672572
0.380842
0.355128
0.884233
0.910015
0.933941
0.88619
0.667268
0.256827
0.809254
0.851821
0.22171
0.686216
0.708777
0.608364
0.597991
0.660881
0.43809
0.822582
0.952656
0.833528
0.650474
0.2073
0.591883
0.480675
0.417327
0.335699
0.368569
0.531744
0.379224
0.153978
0.200842
0.569337
0.125214
0.0749992
0.200863
0.225946
0.797107
0.68189
0.524203
0.631273
0.086998
0.151463
0.349773
0.211764
0.173452
0.256172
0.426488
0.496013
0.345039
0.874859
0.783649
0.446199
0.397035
0.86922
0.84107
0.725436
0.427446
0.398455
0.475037
0.2903
0.382991
0.440566
0.373688
0.344163
0.33801
0.451097
0.485418
0.682093
0.579698
0.266565
0.312499
0.472495
0.111309
0.251705
0.351241
0.147017
0.126768
0.38971
0.0742549
0.334492
0.321732
0.477449
0.680215
0.454703
0.665369
0.352581
0.106852
0.375671
0.725359
0.328898
0.334752
0.630277
0.669973
0.159906
0.29673
0.542022
0.627651
0.230511
0.56109
0.797341
0.449367
0.409349
0.447401
0.762943
0.617368
0.133088
0.114985
0.206904
0.397012
0.133278
0.207532
0.519568
0.455006
0.180051
0.729168
0.720773
0.458709
0.29044
0.612746
0.690945
0.130201
0.36807
0.0913321
0.291256
0.508677
0.188605
0.371068
0.200512
0.215075
0.257132
0.637256
0.871456
0.937418
0.90044
0.792087
0.671713
0.732808
0.715438
0.456692
0.438302
0.485386
0.483815
0.534529
0.348811
0.413475
0.325693
0.355577
0.184264
0.207093
0.129988
0.114556
0.15197
0.323381
0.235241
0.130459
0.189509
0.0978947
0.161172
0.362811
0.288146
0.551728
0.365923
0.632914
0.568678
0.601945
0.590925
0.848924
0.620025
0.48682
0.796719
0.278077
0.323246
0.212866
0.551354
0.447352
0.300089
0.385661
0.502145
0.477833
0.383762
0.366166
0.490477
0.342062
0.13537
