0.545892
0.27004
0.301633
0.710456
0.347528
0.506408
0.605357
0.603978
0.801331
0.590773
0.567712
0.321189
0.230111
0.307187
0.475171
0.271927
0.59808
0.313983
0.555077
0.846704
0.860254
0.848732
0.731397
0.805955
0.746048
0.820078
0.779834
0.867956
0.767449
0.673832
0.693564
0.653186
0.280814
0.581946
0.406433
0.208944
0.356464
0.243185
0.659075
0.693983
0.774671
0.725287
0.567068
0.625879
0.594736
0.736258
0.648383
0.535189
0.744783
0.834574
0.772881
0.888228
0.866366
0.786012
0.681062
0.572421
0.687172
0.879185
0.808901
0.625183
0.563093
0.36348
0.337366
0.361188
0.576031
0.677106
0.640773
0.527111
0.639592
0.551785
0.583663
0.413536
0.500059
0.306713
0.241856
0.344254
0.293622
0.199065
0.127318
0.215863
0.291569
0.624481
0.472596
0.234375
0.343196
0.387603
0.363581
0.292808
0.588087
0.636005
0.352826
0.341315
0.487791
0.481695
0.297865
0.151371
0.186021
0.0324382
0.100532
0.404438
0.105761
0.071803
0.433523
0.450057
0.141802
0.200553
0.355362
0.350387
0.142355
0.206885
0.132131
0.502989
0.55219
0.502478
0.432459
0.2524
0.499672
0.47025
0.318691
0.530454
0.504878
0.355972
0.30095
0.446918
0.319822
0.29102
0.312075
0.363379
0.60508
0.394845
0.756755
0.644891
0.423423
0.459534
0.658068
0.462842
0.519033
0.572228
0.598288
0.443803
0.523625
0.446854
0.31925
0.438283
0.486066
0.271861
0.114661
0.282616
0.458905
0.121733
0.350064
0.169291
0.0700572
0.378222
0.22089
0.144205
0.588488
0.509214
0.348854
0.426851
0.621997
0.438844
0.198629
0.507103
0.629394
0.205253
0.384476
0.547978
0.7207
0.342085
0.475075
0.449001
0.504441
0.330045
0.0651185
0.661086
0.443194
0.238513
0.436022
0.45262
0.155856
0.320789
0.510145
0.565074
0.443462
0.702857
0.544191
0.672636
0.373111
0.304545
0.606227
0.506861
0.659503
0.71693
0.433167
0.287347
0.516016
0.688769
0.369582
0.28848
0.415962
0.576044
0.472037
0.557127
0.448925
0.177145
0.20742
0.272255
0.671014
0.462712
0.654411
0.406118
0.44703
0.328771
0.658742
0.424944
0.414858
0.294083
0.638786
0.399926
0.443671
0.756205
0.62575
0.480928
0.636188
0.736211
0.428472
0.512827
0.644126
0.815165
0.820148
0.856651
0.797884
0.488083
0.480414
0.636694
0.575429
0.419228
0.615143
0.603924
0.390825
0.286779
0.427838
0.346994
0.206222
0.513027
0.443777
0.485871
0.597722
0.490529
0.0712817
0.48448
0.421279
0.39469
0.0354229
0.54739
0.609183
0.619719
0.839162
0.897441
0.622013
0.844933
0.86657
0.767668
0.636451
0.759807
0.555965
0.577604
0.569405
0.674734
0.875165
0.820953
0.48009
0.32196
0.806771
0.439812
0.187149
0.604831
0.406967
0.131346
0.294962
0.600024
0.378652
0.659684
0.729523
0.831075
0.746551
0.564072
0.735946
0.870632
0.73361
0.605898
0.200834
0.670475
0.428982
0.678736
0.586979
0.867053
0.806417
0.933668
0.87249
0.689275
0.61888
0.398383
0.818381
0.748013
0.68889
0.65391
0.494445
0.335321
0.589163
0.427206
0.37223
0.572705
0.291465
0.209334
0.174954
0.336451
0.580568
0.225722
0.186244
0.296954
0.551882
0.183506
0.249787
0.559089
0.290123
0.139947
0.492928
0.257986
0.178153
0.722749
0.629544
0.465828
0.822928
0.891438
0.718041
0.87376
0.856704
0.704815
0.665956
0.869668
0.605041
0.498801
0.58603
0.392763
0.503551
0.243522
0.414749
0.140593
0.588874
0.542447
0.177563
0.102642
0.586021
0.374579
0.654077
0.474375
0.541973
0.243549
0.49273
0.696392
0.768859
0.555855
0.47844
0.759317
0.780737
0.318958
0.60851
0.667974
0.390579
0.533017
0.668463
0.651754
0.731794
0.816665
0.70812
0.660279
0.714445
0.873655
0.702694
0.619897
0.650705
0.536028
0.497672
0.575496
0.660453
0.51631
0.535075
0.259354
0.586938
0.581607
0.436405
0.525569
0.454936
0.470544
0.336866
0.653494
0.300237
0.260878
0.373866
0.13916
0.26126
0.591679
0.407018
0.63443
0.453777
0.679526
0.726708
0.637214
0.809435
0.877085
0.779313
0.801189
0.872216
0.836191
0.840916
0.884466
0.783958
0.86157
0.786466
0.737482
0.681019
0.677563
0.634691
0.697817
