0.633711
0.291825
0.289084
0.714961
0.364948
0.511374
0.61105
0.620163
0.807446
0.600555
0.541016
0.326427
0.207657
0.272866
0.466321
0.312908
0.550598
0.33751
0.57486
0.86227
0.865827
0.877165
0.749334
0.820679
0.741703
0.828235
0.791976
0.87356
0.77651
0.669296
0.695289
0.633182
0.340969
0.572568
0.418723
0.172482
0.349313
0.248737
0.646835
0.706796
0.779898
0.734108
0.58552
0.638357
0.607889
0.753179
0.675816
0.545867
0.740131
0.857863
0.752216
0.897965
0.867264
0.806422
0.658118
0.549861
0.688067
0.877718
0.796172
0.64055
0.551765
0.344771
0.333136
0.375363
0.556804
0.670507
0.640525
0.543368
0.636743
0.543201
0.587964
0.405481
0.497978
0.241762
0.244224
0.357806
0.318459
0.208201
0.12953
0.256818
0.337409
0.597616
0.448867
0.232627
0.347647
0.367731
0.363964
0.286863
0.57895
0.616454
0.359454
0.324548
0.477977
0.490866
0.318413
0.153769
0.200741
0.0356475
0.118172
0.455793
0.129718
0.066725
0.426716
0.479145
0.11812
0.208841
0.380314
0.346864
0.183953
0.232631
0.111888
0.513028
0.542234
0.475449
0.408981
0.22859
0.46222
0.427765
0.269404
0.486894
0.456681
0.325341
0.253549
0.412074
0.33829
0.339943
0.351619
0.36008
0.668138
0.431542
0.722077
0.624411
0.404057
0.480019
0.62725
0.427214
0.493836
0.508472
0.493588
0.399863
0.433089
0.417
0.277951
0.35144
0.43189
0.248734
0.112604
0.277887
0.448501
0.166787
0.38055
0.26727
0.0890086
0.37309
0.248063
0.167442
0.619967
0.510909
0.319656
0.337851
0.618872
0.433657
0.130595
0.460793
0.619385
0.142168
0.365557
0.538757
0.697023
0.271323
0.427471
0.474962
0.522862
0.273703
0.0451446
0.714958
0.453729
0.236247
0.513938
0.520745
0.189568
0.335302
0.484683
0.540199
0.414894
0.662765
0.48998
0.627578
0.340946
0.288117
0.507194
0.516178
0.642874
0.664387
0.398585
0.205879
0.517928
0.679003
0.345355
0.238913
0.430069
0.588634
0.461226
0.511182
0.421073
0.145711
0.166687
0.233286
0.631749
0.474836
0.623727
0.425551
0.426808
0.339463
0.670113
0.415057
0.416635
0.349353
0.618058
0.358793
0.418066
0.778332
0.577565
0.471448
0.616559
0.693177
0.389759
0.455821
0.634819
0.818079
0.817578
0.856982
0.797911
0.546357
0.463045
0.662594
0.572754
0.403805
0.578737
0.575783
0.326251
0.263175
0.426532
0.345304
0.303672
0.468273
0.424318
0.499092
0.563333
0.420247
0.0843683
0.393976
0.323885
0.356117
0.0529964
0.562507
0.550293
0.644439
0.845593
0.832526
0.552263
0.675714
0.713867
0.591787
0.440927
0.297083
0.323074
0.546444
0.469093
0.31974
0.450463
0.794978
0.646092
0.353866
0.733908
0.804861
0.502841
0.434231
0.587586
0.404178
0.327618
0.137254
0.140631
0.492461
0.225482
0.0725428
0.418068
0.295422
0.58112
0.618285
0.295329
0.57772
0.541615
0.497712
0.336672
0.441781
0.495214
0.521753
0.722471
0.862681
0.768615
0.606494
0.535528
0.409374
0.769858
0.750593
0.693638
0.652817
0.481865
0.303466
0.572034
0.411148
0.365758
0.57121
0.270278
0.195395
0.148267
0.354268
0.543507
0.160941
0.189739
0.303019
0.495886
0.188172
0.325879
0.632521
0.352976
0.228462
0.6268
0.172975
0.221104
0.745345
0.708851
0.465879
0.682944
0.824984
0.453503
0.638556
0.789209
0.571077
0.116437
0.594139
0.496886
0.261059
0.212173
0.306608
0.431396
0.0905994
0.191242
0.103569
0.582145
0.474926
0.136656
0.143256
0.58992
0.321943
0.574594
0.438112
0.383336
0.212314
0.460963
0.616704
0.717017
0.49572
0.512409
0.737298
0.716835
0.453139
0.662304
0.767223
0.532719
0.591286
0.67107
0.672218
0.816191
0.802741
0.80915
0.703191
0.748847
0.835418
0.727958
0.629366
0.78062
0.556772
0.51359
0.518691
0.645672
0.481356
0.539866
0.201141
0.577695
0.580872
0.426384
0.546148
0.436976
0.484693
0.326727
0.65791
0.365756
0.268681
0.355289
0.158554
0.287956
0.565424
0.405979
0.598634
0.423835
0.653018
0.709361
0.632388
0.811982
0.873072
0.751877
0.803154
0.879664
0.834341
0.84451
0.881794
0.800905
0.866998
0.806617
0.793556
0.689301
0.731839
0.639952
0.727517
