0.385686
0.712027
0.58971
0.569644
0.660793
0.412315
0.737799
0.647442
0.880317
0.836687
0.650255
0.415515
0.772795
0.400513
0.434831
0.546339
0.766584
0.852818
0.795999
0.597732
0.429137
0.539707
0.289343
0.384278
0.462898
0.388621
0.153372
0.322072
0.572908
0.183528
0.540481
0.337782
0.494802
0.339834
0.452027
0.586357
0.532777
0.461174
0.461695
0.666547
0.677323
0.728112
0.588124
0.66695
0.744112
0.424016
0.497751
0.313043
0.651525
0.787892
0.341589
0.569893
0.845233
0.404953
0.0938989
0.119215
0.246444
0.221221
0.743565
0.361873
0.252353
0.467828
0.502897
0.347443
0.414143
0.455848
0.388813
0.159567
0.309848
0.190983
0.326614
0.190872
0.100204
0.341796
0.133149
0.0958293
0.218033
0.225911
0.425542
0.464028
0.728352
0.640455
0.498878
0.360528
0.697494
0.441973
0.570655
0.600298
0.38327
0.502616
0.690801
0.366063
0.420847
0.544534
0.761619
0.46137
0.384466
0.512914
0.61459
0.780879
0.432939
0.771924
0.688542
0.669925
0.855613
0.857047
0.58764
0.434509
0.825149
0.82727
0.747839
0.643624
0.756596
0.644204
0.292001
0.724069
0.45105
0.607642
0.367333
0.814709
0.626527
0.903374
0.931735
0.931489
0.920246
0.608459
0.637068
0.302182
0.564679
0.180278
0.281857
0.458755
0.328071
0.498103
0.78595
0.540558
0.481349
0.79773
0.628491
0.512444
0.805098
0.890508
0.493687
0.635769
0.792186
0.544501
0.251969
0.584994
0.741821
0.584221
0.684974
0.449632
0.375299
0.384959
0.336337
0.0951252
0.608292
0.890905
0.937696
0.756573
0.759403
0.412812
0.361228
0.529502
0.475027
0.236491
0.424425
0.450604
0.30671
0.054635
0.229228
0.45248
0.169913
0.311432
0.151615
0.198204
0.168818
0.486011
0.400472
0.552468
0.398477
0.517889
0.594568
0.614618
0.906934
0.27895
0.67795
0.683763
0.461073
0.226897
0.413935
0.181812
0.129963
0.0942112
0.212642
0.066088
0.29321
0.361411
0.242138
0.469857
0.610286
0.613654
0.596466
0.294936
0.488068
0.356907
0.108488
0.278861
0.643474
0.241502
0.185044
0.609033
0.398483
0.185535
0.452999
0.643291
0.201619
0.67059
0.51403
0.874941
0.732627
0.585211
0.812478
0.617223
0.66144
0.86164
0.863835
0.867493
0.905263
0.78948
0.750823
0.791223
0.774238
0.554411
0.565305
0.786519
0.371173
0.562762
0.479948
0.530439
0.332129
0.320357
0.136511
0.24241
0.121474
0.39836
0.483871
0.3938
0.446033
0.51191
0.448395
0.682747
0.405092
0.683517
0.473255
0.224177
0.184646
0.321808
0.263843
0.296672
0.16848
0.491207
0.38391
0.89281
0.923359
0.970301
0.949644
0.938713
0.633039
0.475709
0.832985
0.870952
0.781509
0.745942
0.857882
0.456305
0.285181
0.812574
0.814954
0.550314
0.299006
0.777978
0.595984
0.416823
0.334023
0.145426
0.115253
0.23672
0.112884
0.422991
0.221401
0.642983
0.659665
0.474893
0.609642
0.478639
0.410996
0.311624
0.413242
0.530971
0.56674
0.415237
0.413462
0.326983
0.199265
0.407954
0.634849
0.378458
0.641138
0.490347
0.319762
0.534339
0.489149
0.426775
0.205823
0.451865
0.328715
0.149389
0.419974
0.461491
0.0748233
0.227286
0.471265
0.0506302
0.408368
0.132972
0.346133
0.218799
0.385795
0.318103
0.612597
0.0903296
0.696665
0.883852
0.952794
0.321227
0.0309802
0.809366
0.590475
0.16511
0.645412
0.752939
0.302114
0.105078
0.749085
0.56372
0.407135
0.315448
0.0847459
0.178166
0.201903
0.235124
0.460434
0.36029
0.483878
0.56002
0.640593
0.564122
0.850615
0.745877
0.832786
0.900198
0.830905
0.812893
0.70903
0.503448
0.334841
0.57143
0.399722
0.766988
0.66534
0.411708
0.741773
0.743998
0.431013
0.634
0.810735
0.631874
0.888322
0.866584
0.379568
0.786316
0.824408
0.628657
0.529435
0.699473
0.46034
0.283154
0.107899
0.210155
0.384657
0.539576
0.204859
0.212168
0.45572
0.762256
0.119938
0.224832
0.104012
0.567833
0.320837
0.506927
0.79334
0.940868
0.6228
0.603594
0.902966
0.915106
0.737524
0.654531
0.78924
0.441487
0.465298
0.686648
0.658441
0.890668
0.819976
0.863854
0.866891
0.478615
0.420296
0.284482
0.169594
0.233284
0.221958
0.547315
0.765677
0.715137
0.564981
0.332921
0.608359
0.469486
0.368337
0.312844
0.598009
0.442398
0.6405
0.536356
0.538835
0.653623
0.718595
0.644893
0.291872
0.48173
0.742697
0.571014
0.259762
0.740571
0.826133
0.408705
0.288326
0.503428
0.552884
0.230898
0.246134
0.213692
0.0856529
0.67624
0.368971
0.341798
0.806206
0.810536
0.154111
0.854255
0.825468
0.432645
0.223823
0.626346
0.227574
0.288585
0.496531
0.697938
0.386487
0.518418
0.665732
0.456683
0.489613
0.638434
0.683737
0.374138
0.67683
0.600619
0.628936
0.336067
0.316671
0.405474
0.429108
0.52739
0.480104
0.57571
0.582147
0.487296
0.465935
0.713483
0.770827
0.908554
0.914947
0.953255
0.78313
0.536441
0.588799
0.928458
0.742493
0.483607
0.745059
0.789778
0.236901
0.410991
0.749964
0.398733
0.188795
0.162981
0.321002
0.39855
0.526683
0.411945
0.580812
0.545381
0.391734
0.267555
0.386575
0.407079
0.868215
0.934373
0.522937
0.761788
0.742109
0.258006
0.593266
0.600777
0.680193
0.369354
0.514073
0.573705
0.425714
0.397773
0.510332
0.508851
0.334353
0.504548
0.486145
0.22929
0.085755
0.196932
0.3232
0.229226
