0.540933
0.265168
0.302269
0.705969
0.345293
0.533666
0.640687
0.615821
0.79615
0.593849
0.524793
0.264523
0.194954
0.30231
0.480882
0.325176
0.599016
0.355913
0.559478
0.83639
0.823404
0.863407
0.728988
0.810326
0.749283
0.811122
0.783928
0.863123
0.779029
0.678948
0.713768
0.656867
0.320839
0.593077
0.427988
0.223351
0.361807
0.267095
0.654782
0.715633
0.785501
0.73832
0.591555
0.647448
0.594393
0.756523
0.663767
0.534931
0.730676
0.836174
0.75756
0.867117
0.828775
0.77494
0.657599
0.55995
0.649551
0.86565
0.780177
0.636236
0.548493
0.354715
0.344251
0.358848
0.583702
0.643074
0.630424
0.57181
0.649051
0.529491
0.573094
0.409085
0.485376
0.265797
0.251154
0.352129
0.294673
0.216229
0.127792
0.198377
0.333821
0.625712
0.47345
0.222667
0.332379
0.428748
0.382624
0.264757
0.588049
0.62628
0.375597
0.364243
0.452868
0.460844
0.308309
0.155425
0.198486
0.0347683
0.111722
0.468253
0.13221
0.0729622
0.432534
0.46714
0.136296
0.221037
0.376867
0.323993
0.150132
0.275081
0.10693
0.507914
0.567825
0.520443
0.422958
0.241114
0.484617
0.437711
0.298321
0.51274
0.50359
0.352293
0.275544
0.431604
0.319216
0.335467
0.301117
0.338589
0.619569
0.400329
0.707056
0.645308
0.411236
0.482792
0.613686
0.433622
0.510456
0.545405
0.505876
0.41485
0.478486
0.378504
0.289655
0.416961
0.473372
0.242318
0.126249
0.285424
0.422891
0.11619
0.343692
0.199788
0.0734405
0.409647
0.236567
0.157138
0.58847
0.542876
0.320668
0.297241
0.633069
0.443171
0.184997
0.501563
0.653308
0.110237
0.395996
0.543097
0.717594
0.257172
0.473212
0.463428
0.48508
0.306459
0.0566422
0.678398
0.467651
0.250835
0.434165
0.471195
0.158951
0.334701
0.503249
0.575227
0.431644
0.666268
0.471665
0.620918
0.33551
0.28394
0.548393
0.54118
0.652543
0.685541
0.443307
0.229844
0.521299
0.67193
0.361874
0.2598
0.403832
0.591011
0.479946
0.575124
0.455784
0.202228
0.199606
0.26406
0.652519
0.484622
0.63719
0.424608
0.445984
0.332769
0.63062
0.443464
0.421167
0.335167
0.649393
0.393869
0.408863
0.748812
0.617692
0.490463
0.582934
0.699091
0.442541
0.430246
0.597637
0.789002
0.778051
0.839973
0.805227
0.52672
0.469144
0.671466
0.586122
0.381292
0.574394
0.586032
0.297665
0.256584
0.419017
0.340918
0.22408
0.367391
0.362127
0.478153
0.528453
0.396243
0.0758375
0.447884
0.381789
0.367327
0.036441
0.529866
0.575301
0.653883
0.851326
0.886922
0.599937
0.801742
0.856669
0.725714
0.603047
0.751495
0.459089
0.546035
0.524192
0.65316
0.858566
0.834895
0.410495
0.359558
0.819453
0.470342
0.166358
0.592312
0.411384
0.110358
0.237992
0.574177
0.32367
0.588287
0.691672
0.795514
0.695551
0.448624
0.652282
0.872818
0.665366
0.598297
0.229093
0.670203
0.439717
0.662752
0.58414
0.849052
0.784173
0.924687
0.871508
0.584008
0.588605
0.385536
0.780336
0.741421
0.639399
0.626091
0.465085
0.322434
0.589061
0.432587
0.380227
0.563001
0.312666
0.211439
0.169911
0.344608
0.555589
0.189732
0.194514
0.327594
0.58116
0.163018
0.221594
0.53713
0.279924
0.13028
0.457511
0.144311
0.197727
0.719221
0.628572
0.488825
0.812344
0.88545
0.667778
0.844638
0.845272
0.631641
0.604597
0.827813
0.537367
0.436391
0.52215
0.36253
0.477729
0.220421
0.373493
0.168259
0.615266
0.527529
0.173027
0.112719
0.598368
0.364075
0.633715
0.441953
0.515325
0.191365
0.4968
0.688749
0.753466
0.593678
0.479374
0.758655
0.770731
0.358538
0.59036
0.663518
0.346366
0.538516
0.626928
0.649329
0.705922
0.777616
0.690249
0.608875
0.723274
0.855987
0.695027
0.608599
0.782521
0.536266
0.501941
0.528473
0.635279
0.504727
0.585831
0.262227
0.571766
0.585872
0.463147
0.498128
0.435395
0.489115
0.334031
0.627272
0.331678
0.278848
0.392218
0.122626
0.319169
0.565479
0.415989
0.635892
0.439966
0.678094
0.73689
0.636563
0.821594
0.879287
0.757442
0.801406
0.878274
0.829128
0.84334
0.885148
0.78351
0.863148
0.789734
0.761503
0.678237
0.707278
0.643256
0.705745
