0.571206
0.244977
0.152871
0.479833
0.264683
0.295209
0.371201
0.302479
0.147598
0.293038
0.241867
0.336362
0.116121
0.169283
0.383601
0.363546
0.312354
0.419766
0.260544
0.669252
0.429814
0.641908
0.252047
0.507993
0.318411
0.705957
0.686016
0.517825
0.242636
0.13208
0.170071
0.380934
0.207204
0.521087
0.716006
0.373703
0.215644
0.408129
0.520758
0.222141
0.291056
0.144298
0.346609
0.226445
0.0986796
0.225847
0.320071
0.0589546
0.345816
0.235939
0.144351
0.222638
0.490939
0.361846
0.287446
0.0596931
0.1629
0.192077
0.192643
0.159008
0.339158
0.294268
0.517162
0.438207
0.677473
0.399061
0.310521
0.728348
0.626299
0.45733
0.55274
0.77819
0.56645
0.586531
0.460445
0.335582
0.163843
0.173294
0.405702
0.300831
0.0944534
0.294701
0.481203
0.134612
0.288356
0.361781
0.259116
0.198808
0.182249
0.260413
0.139341
0.329001
0.241167
0.106505
0.126228
0.199302
0.239769
0.182934
0.282901
0.187017
0.342043
0.238527
0.710821
0.685552
0.529246
0.0324822
0.0605408
0.37022
0.262601
0.1058
0.420883
0.483224
0.142273
0.334991
0.366723
0.185317
0.270734
0.112936
0.101212
0.089074
0.218844
0.275547
0.0958281
0.163857
0.275759
0.18503
0.116273
0.387378
0.54985
0.379515
0.691835
0.628949
0.322322
0.433971
0.601352
0.35871
0.355494
0.382289
0.436721
0.370091
0.2546
0.5732
0.503616
0.565596
0.244953
0.479704
0.259439
0.294923
0.224035
0.478778
0.445177
0.667878
0.422946
0.62859
0.45681
0.526361
0.399356
0.211971
0.334215
0.417669
0.5993
0.240466
0.355849
0.331138
0.388514
0.655744
0.596875
0.81751
0.545585
0.453677
0.417559
0.584698
0.739364
0.495971
0.671187
0.624459
0.341801
0.302491
0.595438
0.451779
0.209822
0.348167
0.415744
0.446756
0.173494
0.259176
0.314746
0.319521
0.0995459
0.116385
0.134522
0.18654
0.0309625
0.124299
0.305224
0.0406649
