0.669574
0.797363
0.790535
0.746901
0.77926
0.739199
0.776134
0.506341
0.498342
0.317199
0.126232
0.459403
0.118809
0.190257
0.0566708
0.0436966
0.169697
0.100046
0.173948
0.104459
0.0799604
0.397981
0.315289
0.0701776
0.34471
0.459539
0.33823
0.134276
0.430182
0.460356
0.160949
0.394597
0.442127
0.39596
0.413672
0.32627
0.398424
0.363937
0.476918
0.723767
0.508131
0.467978
0.424049
0.227277
0.392909
0.336503
0.500501
0.706575
0.737533
0.608777
0.384546
0.641551
0.617821
0.743737
0.688422
0.576221
0.646789
0.70159
0.421537
0.472791
0.385133
0.0973954
0.300878
0.0728722
0.151428
0.0607112
0.0453362
0.0229688
0.122399
0.0316187
0.147511
0.0824732
0.751515
0.350053
0.643302
0.464383
0.458299
0.516581
0.60021
0.546803
0.881601
0.828939
0.771996
0.763558
0.616757
0.579907
0.353506
0.308281
0.332597
0.283418
0.368301
0.697382
0.731606
0.839289
0.570868
0.809917
0.785037
0.661712
0.250353
0.477016
0.565638
0.312235
0.24742
0.573817
0.653883
0.383222
0.683404
0.694676
0.662486
0.632376
0.663515
0.50982
0.286108
0.224313
0.432973
0.529086
0.475036
0.680333
0.408619
0.726804
0.730886
0.822002
0.887012
0.862188
0.602478
0.604213
0.763145
0.344982
0.261285
0.610439
0.208235
0.0883672
0.149836
0.470577
0.658031
0.330247
0.202799
0.333838
0.333292
0.35544
0.246205
0.211483
0.124179
0.304736
0.399336
0.0670492
0.171813
0.275688
0.377505
0.194318
0.16893
0.381695
0.211446
0.249407
0.337411
0.370793
0.20546
0.165558
0.0902799
0.453431
0.331388
0.684281
0.249593
0.23101
0.536299
0.423241
0.154372
0.0897039
0.783227
0.632719
0.229452
0.545803
0.825985
0.564658
0.264275
0.5449
0.682079
0.596852
0.110277
0.314421
0.419229
0.33514
0.280068
0.54958
0.407423
0.135526
0.252571
0.28626
0.198983
0.214454
0.133595
0.0733277
0.0611099
0.0474865
0.0636154
0.100998
0.117168
0.181268
0.163217
0.149962
0.415261
0.258813
0.355655
0.634764
0.519478
0.562192
0.586071
0.629059
0.595233
0.63108
0.525965
0.607785
0.402691
0.484505
0.586193
0.299166
0.231731
0.21912
0.397668
0.491164
0.232191
0.356503
0.207101
0.500105
0.362607
0.206565
0.479088
0.110395
0.259508
0.574557
0.70378
0.583959
0.731905
0.596864
0.846326
0.569604
0.141191
0.204753
0.186752
0.429441
0.763041
0.577217
0.802306
0.465165
0.488
0.604623
0.403152
0.606863
0.625065
0.385729
0.327577
0.508587
0.361904
0.28713
0.339605
0.371558
0.401361
0.606228
0.343096
0.438464
0.582688
0.691079
0.410271
0.247826
0.497853
0.32329
0.428714
0.196788
