0.447252
0.226566
0.468556
0.218995
0.301451
0.39926
0.403064
0.824223
0.544499
0.852388
0.745879
0.384675
0.45303
0.304463
0.542539
0.534018
0.780884
0.884058
0.871867
0.741994
0.722202
0.056043
0.221171
0.631003
0.533237
0.407405
0.479344
0.469185
0.461321
0.479957
0.706854
0.515938
0.315087
0.549648
0.34019
0.41867
0.364091
0.422427
0.322674
0.354684
0.474348
0.407822
0.50246
0.458741
0.254728
0.414834
0.355355
0.0582886
0.101194
0.220242
0.107665
0.0694085
0.170481
0.140747
0.0652254
0.0574214
0.221852
0.429296
0.697962
0.507659
0.255572
0.220638
0.204274
0.571719
0.137466
0.0917518
0.274057
0.202418
0.389206
0.323571
0.374474
0.54427
0.601929
0.290017
0.310362
0.445839
0.354553
0.417965
0.454845
0.368454
0.303504
0.510555
0.494763
0.373963
0.340596
0.149574
0.242119
0.459527
0.522769
0.522166
0.622792
0.57288
0.442493
0.543068
0.357001
0.428038
0.364386
0.336994
0.549595
0.453044
0.412776
0.375856
0.403189
0.248179
0.328606
0.587404
0.386762
0.147855
0.503065
0.59287
0.226832
0.251557
0.610485
0.506759
0.215121
0.325547
0.0886866
0.327143
0.0491428
0.112659
0.332192
0.198618
0.0659523
0.231818
0.431754
0.320158
0.0893491
0.417878
0.6631
0.286359
0.236563
0.59595
0.477412
0.344373
0.461987
0.202954
0.146217
0.404965
0.27186
0.0752357
0.112777
0.143278
0.36367
0.193729
0.271601
0.359109
0.311705
0.0770709
0.144003
0.567431
0.462206
0.5715
0.266341
0.147552
0.342016
0.349464
0.713739
0.746843
0.607524
0.592007
0.333491
0.220586
0.420658
0.649816
0.550782
0.634983
0.659184
0.816035
0.590602
0.751269
0.724125
0.442534
0.574773
0.539957
0.61039
0.343651
0.574023
0.52998
0.55921
0.475688
0.235114
0.687144
0.67523
0.741833
0.697667
0.503526
0.331656
0.505201
0.107205
0.0458362
0.412971
0.528603
0.145088
0.385021
0.754307
0.373824
0.250198
0.507704
0.655349
0.260515
0.769769
0.329555
0.484101
0.70348
0.461115
0.351429
0.440742
0.612826
0.624566
0.281613
0.341455
0.36428
0.567694
0.719812
0.310303
0.661451
0.8275
0.811166
0.451006
0.46182
0.543524
0.691515
0.491339
0.426614
0.335786
0.163159
