0.593473
0.59349
0.597271
0.639479
0.621648
0.707749
0.735623
0.610023
0.658222
0.737044
0.530337
0.659042
0.564168
0.661253
0.62146
0.586107
0.469379
0.305504
0.145528
0.31138
0.437363
0.126604
0.239119
0.583788
0.327713
0.107513
0.338869
0.472937
0.220494
0.340112
0.597132
0.293243
0.370806
0.30467
0.416715
0.491851
0.454446
0.59478
0.503331
0.570945
0.456274
0.454113
0.384624
0.530805
0.234863
0.371386
0.128291
0.253861
0.363807
0.0581591
0.0582167
0.121174
0.0357958
0.128489
0.230153
0.412701
0.426885
0.357505
0.518485
0.509872
0.532211
0.391601
0.549032
0.482755
0.264159
0.390657
0.492655
0.321574
0.318069
0.198661
0.491563
0.429631
0.221702
0.266327
0.539486
0.584772
0.350705
0.537256
0.335287
0.528824
0.327287
0.42142
0.52779
0.382195
0.154317
0.187336
0.317642
0.372436
0.269669
0.394497
0.459466
0.258957
0.282185
0.446648
0.461216
0.547951
0.462734
0.410255
0.688233
0.534118
0.732563
0.281086
0.565305
0.449107
0.48411
0.563871
0.337114
0.474527
0.365053
0.632015
0.391932
0.482709
0.585019
0.416355
0.39032
0.406101
0.153394
0.236462
0.469964
0.42744
0.127054
0.637022
0.624012
0.371609
0.114457
0.510733
0.640808
0.226194
0.309728
0.541295
0.742517
0.533717
0.237641
0.412997
0.485544
0.405183
0.221815
0.378581
0.507892
0.127304
0.225954
0.469691
0.300202
0.441149
0.373963
0.541023
0.603859
0.501312
0.666675
