0.321421
0.598111
0.528896
0.58007
0.857084
0.663148
0.657092
0.407511
0.323465
0.198691
0.173449
0.412473
0.301999
0.164397
0.30344
0.518622
0.522978
0.266027
0.375356
0.304804
0.353934
0.128052
0.401472
0.190294
0.0574379
0.210585
0.491176
0.606453
0.127691
0.434796
0.196251
0.60412
0.303961
0.423177
0.49295
0.508663
0.354543
0.774076
0.373465
0.484779
0.755617
0.824167
0.0649198
0.500044
0.680019
0.610561
0.377669
0.63528
0.790599
0.420755
0.565227
0.748747
0.552941
0.423343
0.450152
0.67754
0.63886
0.63414
0.540235
0.725193
0.585272
0.471328
0.854437
0.754391
0.541187
0.647026
0.751854
0.806718
0.800631
0.903376
0.565351
0.88966
0.788061
0.844955
0.773587
0.792091
0.355294
0.653345
0.765136
0.82416
0.824761
0.902881
0.879313
0.837183
0.681862
0.729639
0.660675
0.422507
0.737003
0.610894
0.735976
0.735174
0.597427
0.437522
0.465637
0.170752
0.283879
0.403024
0.345946
0.124922
0.526081
0.51472
0.207575
0.518101
0.291552
0.612394
0.467478
0.591251
0.588299
0.500246
0.635821
0.611883
0.621331
0.717982
0.844038
0.818378
0.783663
0.83292
0.747921
0.747979
0.496695
0.868998
0.891433
0.90432
0.889257
0.474928
0.687316
0.785312
0.435759
0.514656
0.671991
0.592592
0.612609
0.426273
0.495346
0.613219
0.0954992
0.331019
0.523108
0.392757
0.79412
0.849004
0.726664
0.907156
0.578446
0.725158
0.193855
0.408722
0.751889
0.674847
0.592418
0.496061
0.180456
0.83074
0.64386
0.584649
0.464446
0.505565
0.495483
0.211268
0.369855
0.288076
0.443312
0.388692
0.335518
0.610051
0.355286
0.5541
0.61216
0.599904
0.876529
0.839418
0.578428
0.84786
0.719647
0.910823
0.844302
0.922233
0.885277
0.82828
0.713567
0.662515
0.494603
0.398801
0.819862
0.599323
0.780036
0.620471
0.60523
0.69965
0.734558
0.605579
0.333525
0.543416
0.497419
0.317339
0.572733
0.34258
0.227775
0.503355
0.675036
0.636783
0.793097
0.822385
0.599408
0.460873
0.694554
0.6995
0.70188
0.664921
0.632386
0.492452
0.621592
0.835922
0.864799
0.704003
0.84847
0.762277
0.733011
0.633679
0.289351
0.870784
0.844523
0.210162
0.411076
0.210963
0.475433
0.67318
0.693434
0.722894
0.846725
0.623179
0.558184
0.584396
0.57353
0.667591
0.692291
0.694599
0.616427
0.584536
0.765369
0.757841
0.663184
0.555983
0.572446
0.679262
0.297302
0.356292
0.377609
0.252214
0.597712
0.407995
0.297194
0.550416
0.593557
0.530938
0.47323
0.604766
0.540799
0.724896
0.718772
0.397855
0.521446
0.594163
0.499099
0.502301
0.516359
0.808125
0.774054
0.789014
0.800318
0.966981
0.969741
0.801732
0.87472
0.645339
0.630685
0.535107
0.57446
0.604277
0.741116
0.73815
0.626274
0.427335
0.632608
0.769107
0.475929
0.319617
0.623724
0.479432
0.428438
0.670461
0.811495
0.847613
0.780891
0.823833
0.70413
0.767192
0.8666
0.772769
0.674934
0.580578
0.800447
0.717805
0.53951
0.45165
0.379575
0.389573
0.414819
0.388698
0.350744
0.739674
0.746036
0.719541
0.771541
0.60812
0.653898
0.669326
0.500583
0.481769
0.761904
0.729667
0.491802
0.735784
0.649973
0.663022
0.820398
0.826613
0.782805
0.795591
0.586258
0.687806
0.693821
0.549972
0.595865
0.549596
0.802732
0.788399
0.377415
0.822771
0.832538
0.775174
0.48335
0.671415
0.827563
0.711894
0.716544
0.726409
0.343425
0.638676
0.330847
0.427697
0.225334
0.64993
0.466343
0.57423
0.220291
0.696978
0.544692
0.401972
0.460208
0.667298
0.925123
0.687291
0.8715
0.895607
0.951447
0.879546
0.90898
0.789673
0.704121
0.870044
0.875871
0.786428
0.731887
0.781688
0.505425
0.381494
0.305068
0.480296
0.473692
0.165595
0.271556
0.597924
0.686314
0.202538
0.612566
0.461467
0.388649
0.294189
0.520474
0.541152
0.503506
0.374851
0.69192
0.403296
0.326317
0.530234
0.633938
0.383331
0.10879
0.46498
0.369945
0.0812897
0.082382
0.234243
0.260118
0.0745492
0.0270098
0.127658
0.113526
0.134549
0.534784
0.384005
0.461406
0.768893
0.765379
0.419679
0.526231
0.476319
0.578866
0.437719
0.358703
0.152437
0.297862
0.388299
0.621615
0.45362
0.832686
0.79539
0.883842
0.779364
0.696769
0.722686
0.623101
0.654686
0.58494
0.40152
0.612615
0.477404
0.561409
0.562437
0.460184
0.720686
0.457703
0.489421
0.635278
0.841081
0.385576
0.325918
0.740097
0.794606
0.220952
0.345212
0.635158
0.828025
0.754183
0.276043
0.383226
0.640983
0.342678
0.14157
0.527259
0.475626
0.201423
0.229521
0.487088
0.555864
0.340853
0.388979
0.450534
0.551513
0.721986
0.674043
0.782109
0.718073
0.484348
0.846178
0.882993
0.815458
0.535084
0.631997
0.769174
0.755326
0.528783
0.653766
0.48754
0.477085
0.355396
0.516653
0.323724
0.34324
0.304073
0.270348
0.199757
0.155931
0.233749
0.525207
0.362746
0.224785
0.66576
0.575805
0.257597
0.392365
0.166528
0.0951626
0.429322
0.271914
0.11959
0.384789
0.288931
0.0480379
0.166891
0.247043
0.0988738
0.0536623
0.101768
0.0689339
0.317341
0.25493
0.183745
0.160444
0.428101
0.322054
0.240122
0.258342
0.500661
0.461659
0.304508
0.483842
0.632215
0.333119
0.509148
0.796683
0.407993
0.280035
0.705514
0.751208
0.37365
0.444528
0.647436
0.648081
0.480443
0.378497
0.505356
0.626649
0.560001
0.55244
0.589044
0.501164
0.737369
0.696458
0.840105
0.667202
0.949413
0.937056
0.979366
0.971823
0.798152
0.913103
0.737534
0.907434
0.97383
0.782292
0.881179
0.739424
0.760371
0.898699
0.537814
0.611667
0.679229
0.670984
0.667041
0.493924
0.725837
0.550324
0.378334
0.609913
0.523577
0.405197
0.368169
0.35531
0.387179
0.321383
0.597547
0.745517
0.854714
0.781895
0.726794
0.828043
0.492927
0.669307
0.622594
0.836089
0.113577
0.68991
0.80709
0.776867
0.834734
0.508525
0.37203
0.821698
0.376739
0.549116
0.623464
0.441008
0.307089
0.662153
0.356962
0.419036
0.594147
0.594179
0.219269
0.463135
0.595796
0.0774335
0.164253
0.50542
0.441721
0.303517
0.311424
0.25767
0.156721
0.247585
0.441091
0.137252
0.318704
0.712172
0.598001
0.4498
0.515253
0.622527
0.508346
0.702665
0.581598
0.622191
0.903677
0.966754
0.93855
0.903394
0.842232
0.901223
0.720833
0.892056
0.638884
0.790746
0.557886
0.419247
0.21957
0.243001
0.716861
0.496869
0.935745
0.947032
0.89667
0.902571
0.607102
0.550964
0.762632
0.914951
0.950465
0.896262
0.891591
0.951863
0.94274
0.94037
0.687237
0.599197
0.761037
0.470933
0.14737
0.507431
0.385646
0.4733
0.156532
0.431778
0.587106
0.833058
0.735779
0.713997
0.569254
0.576629
0.663723
0.568357
0.372794
0.501449
0.533664
0.592421
0.309121
0.33196
0.251766
0.32152
0.131192
0.352805
0.219787
0.247305
0.579411
0.634843
0.663875
0.532856
0.425483
0.567934
0.685259
0.697289
0.518161
0.331223
0.686599
0.54065
0.357306
0.55778
0.376093
0.193522
0.229726
0.183347
0.620494
0.347943
0.396024
0.207157
0.281834
0.43687
0.326231
0.0526795
0.223875
0.33073
0.151984
0.457404
0.475079
0.226697
0.247721
0.507582
0.444715
0.11422
0.375288
0.566482
0.138851
0.0951845
0.324923
0.544543
0.674714
0.507648
0.28067
0.312817
0.332992
0.191508
0.0994265
0.581266
0.722137
0.261057
0.274826
0.657373
0.455978
0.0743145
0.334757
0.477965
0.201399
0.12009
0.416465
0.35801
0.791383
0.905437
0.491714
0.66542
0.410694
0.478868
0.370454
0.591689
0.308657
0.231137
0.829986
0.579481
0.339308
0.225735
0.819227
0.516482
0.214621
0.586965
0.74621
0.399484
0.438764
0.76402
0.629025
0.289514
0.563074
0.364024
0.12396
0.588771
0.496799
0.306867
0.190953
0.310799
0.420072
0.171224
0.132472
0.258393
0.329178
0.310227
0.380025
0.198416
0.482699
0.721356
0.300613
0.577081
0.392329
0.302118
0.361847
0.722737
0.41284
0.238175
0.58689
0.572564
0.309008
0.190487
0.468296
0.690374
0.266661
0.581701
0.358489
0.630825
0.231496
0.563963
0.0906848
0.39633
0.416912
0.262914
0.227394
0.634527
0.3596
0.57084
0.526009
0.482569
0.405999
