0.478019
0.683906
0.553711
0.40487
0.454039
0.568842
0.347277
0.183253
0.341138
0.215783
0.0838958
0.0579294
0.054355
0.172366
0.445954
0.275552
0.166455
0.612808
0.603872
0.258565
0.286863
0.724721
0.637868
0.274045
0.442219
0.683149
0.461949
0.510197
0.569185
0.348201
0.430248
0.379202
0.323547
0.423426
0.487987
0.348787
0.200116
0.312688
0.328479
0.50459
0.440495
0.721024
0.744391
0.897343
0.890914
0.737264
0.618245
0.802039
0.668052
0.490149
0.587631
0.138848
0.322835
0.279333
0.356043
0.413216
0.279595
0.360953
0.251587
0.184256
0.135056
0.212615
0.394493
0.127402
0.459538
0.716464
0.647705
0.439635
0.244109
0.499445
0.468459
0.551503
0.545706
0.447696
0.407078
0.614819
0.559265
0.849398
0.62314
0.687765
0.458495
0.520269
0.592505
0.761177
0.78434
0.860346
0.899466
0.803172
0.6095
0.661339
0.767218
0.202815
0.433172
0.675782
0.610075
0.0916072
0.413198
0.367333
0.420873
0.246819
0.414939
0.430575
0.168499
0.411487
0.319442
0.334253
0.444613
0.594366
0.721083
0.877953
0.854447
0.798082
0.754801
0.763177
0.692232
0.386131
0.667677
0.842257
0.914778
0.865549
0.836654
0.676428
0.743009
0.633643
0.383053
0.502636
0.436775
0.106606
0.0724924
0.322607
0.121396
0.484292
0.191048
0.381702
0.118831
0.159293
0.120975
0.0482229
0.201338
0.126239
0.24879
0.073925
0.216342
0.0846923
0.204518
0.335638
0.415083
0.564613
0.561257
0.357295
0.666672
0.563255
0.478789
0.482193
0.560456
0.222242
0.215222
0.115675
0.210371
0.106209
0.209452
0.0410415
0.0642805
0.0759555
0.0503528
0.162281
0.0923828
0.440941
0.21143
0.406286
0.517657
0.368962
0.457799
0.4712
0.500111
0.576573
0.527011
0.699684
0.689166
0.843397
0.867569
0.549511
0.556063
0.528616
0.468665
0.545803
0.619216
0.580045
0.274758
0.636084
0.795989
0.330149
0.54759
0.734564
0.751542
0.574364
0.544642
0.778352
0.463676
0.338389
0.280881
0.457212
0.80428
0.523188
0.652193
0.252245
0.304273
0.36057
0.666677
0.572116
0.425521
0.368409
0.816221
0.632497
0.910196
0.882211
0.476741
0.753043
0.506346
0.74053
0.255038
0.215767
0.243756
0.705957
0.690892
0.598494
0.184766
0.637843
0.647565
0.443397
0.640001
0.682317
0.424826
0.262637
0.255792
0.519197
0.283412
0.391688
0.139152
0.577967
0.425304
0.281587
0.540681
0.54085
0.552989
0.799599
0.648555
0.492037
0.530131
0.643208
0.348009
0.446138
0.624097
0.484724
0.398169
0.573649
0.776434
0.672138
0.510277
0.410018
0.708513
0.477191
0.363008
0.2839
0.464409
0.554902
0.515595
0.387211
0.121189
0.628707
0.585209
0.376086
0.530551
0.574854
0.553482
0.385097
0.206724
0.348694
0.346813
0.499049
0.243409
0.118884
0.10885
0.309493
0.102646
0.394464
0.456733
0.121518
0.16352
0.4268
0.399237
0.0586027
0.206361
0.323775
0.102914
0.45981
0.204354
