0.590838
0.364119
0.533885
0.636021
0.741968
0.754998
0.520094
0.495371
0.22741
0.555571
0.362827
0.237131
0.418382
0.556701
0.389035
0.48379
0.605108
0.659607
0.275456
0.459191
0.894743
0.739589
0.32888
0.777232
0.929438
0.606435
0.592686
0.886632
0.673322
0.753584
0.771742
0.740807
0.844473
0.416146
0.629046
0.919981
0.583493
0.287243
0.679131
0.743414
0.281361
0.0820601
0.231944
0.656128
0.320409
0.414953
0.488891
0.76198
0.567595
0.578598
0.603201
0.684058
0.587834
0.503819
0.640392
0.840756
0.828895
0.377252
0.491565
0.818118
0.747146
0.722214
0.756212
0.647926
0.54799
0.675783
0.574001
0.493994
0.613571
0.425597
0.546202
0.538665
0.328912
0.206798
0.52464
0.633288
0.396137
0.478221
0.49312
0.414661
0.148495
0.535869
0.531385
0.240941
0.431328
0.633686
0.240004
0.474909
0.403627
0.516589
0.498335
0.38571
0.380789
0.224996
0.409243
0.480517
0.19731
0.352607
0.168258
0.38645
0.585414
0.472016
0.67859
0.403868
0.569973
0.222574
0.53996
0.595735
0.676012
0.281534
0.326217
0.388217
0.327946
0.655428
0.725073
0.428098
0.55202
0.327554
0.511311
0.410184
0.4433
0.503197
0.339138
0.153247
0.315554
0.362753
0.273038
0.0629869
0.0582449
0.0875712
0.292383
0.402305
0.212583
0.182701
0.554621
0.11766
0.348021
0.219236
0.574634
0.718009
0.291117
0.702425
0.588691
0.388001
0.350504
0.48691
0.26592
0.319153
0.603626
0.472746
0.196112
0.180382
0.256522
0.51885
0.504078
0.249739
0.483874
0.760955
0.308065
0.316895
0.826029
0.849897
0.393274
0.78026
0.910643
0.476045
0.38658
0.524892
0.465392
0.873321
0.752036
0.614904
0.576847
0.722723
0.477358
0.367556
0.332367
0.251348
0.433019
0.241052
0.199618
0.449461
0.540117
0.33984
0.0771449
0.45369
0.450856
0.180857
0.291735
0.190908
0.310648
0.060755
0.218852
0.0419542
0.27216
0.378238
0.504534
0.672427
0.170237
0.469377
0.564849
0.322365
0.298474
0.224777
0.930291
0.886129
0.882251
0.223615
0.041696
0.713533
0.286833
0.18122
0.281278
0.319579
0.29485
0.141068
0.0972554
0.311063
0.205637
0.0500981
0.0774818
0.355581
0.542742
0.0947646
0.0730678
0.504167
0.682117
0.178173
0.545308
0.329591
0.663758
0.401986
0.727253
0.0450326
0.849807
0.897302
0.39995
0.812317
0.505794
0.597476
0.307405
0.335717
0.291233
0.417762
0.515395
0.415623
0.619207
0.432364
0.666587
0.607978
0.725527
0.62334
0.788579
0.487698
0.554121
0.775392
0.67973
0.721248
0.391814
0.375414
0.442282
0.223486
0.375979
0.160103
0.404851
0.0812228
0.0947491
0.374188
0.309637
0.444506
0.522783
0.778605
0.533174
0.723258
0.823436
0.833211
0.690166
0.647072
0.523867
0.583099
0.617337
0.610742
0.81558
0.659593
0.674462
0.779551
0.711772
0.891379
0.340916
0.660796
0.704518
0.622278
0.541759
0.553755
0.378822
0.672471
0.668216
0.432228
0.577131
0.625816
0.761402
0.550192
0.596664
0.65553
0.521771
0.587847
0.53794
0.433997
0.597427
0.843611
0.785741
0.819008
0.907009
0.894204
0.923198
0.933099
0.853499
0.908173
0.886733
0.851822
0.607415
0.751828
0.688468
0.507468
0.597679
0.508667
0.510397
0.730949
0.737629
0.605534
0.542527
0.76685
0.649325
0.594397
0.635356
0.575965
0.506948
0.59898
0.613277
0.407035
0.751873
0.766364
0.923728
0.928658
0.84765
0.440214
0.15692
0.28446
0.654659
0.319427
0.224761
0.374832
0.574449
0.573339
0.610169
0.553238
0.678247
0.685858
0.767338
0.786895
0.820304
0.644284
0.539217
0.808367
0.653134
0.589419
0.574858
0.623574
0.753635
0.415192
0.63323
0.62285
0.880963
0.690717
0.759058
0.459503
0.607784
0.286252
0.444724
0.476108
0.34617
0.472953
0.27323
0.546369
0.577551
0.384792
0.743848
0.397009
0.608792
0.163749
0.829516
0.556452
0.337486
0.146712
0.329601
0.318348
0.343648
0.635988
0.440223
0.329716
0.525137
0.432842
0.563154
0.546191
0.790707
0.434219
0.65831
0.100531
0.495579
0.345649
0.154917
0.0810367
0.131527
0.132761
0.247535
0.228719
0.54114
0.266754
0.458466
0.36158
0.520243
0.435387
0.313848
0.462311
0.463004
0.611276
0.586215
0.70052
0.601925
0.43515
0.66348
0.467016
0.706846
0.591191
0.693949
0.403839
0.463427
0.310116
0.207707
0.170026
0.268463
0.078334
0.335817
0.102052
0.784784
0.394838
0.761676
0.329297
0.19667
0.0770191
0.151612
0.18151
0.164597
0.379058
0.300492
0.360553
0.186825
0.0932704
0.126951
0.315149
0.580204
0.342746
0.426325
0.498084
0.118534
0.0759387
0.183589
0.367486
0.251088
0.281729
0.102083
0.284168
0.318998
0.461906
0.39689
0.370939
0.278605
0.135092
0.300554
0.0947939
0.11727
0.319069
0.256308
0.496471
0.328682
0.578738
0.383906
0.410723
0.451405
0.416115
0.693625
0.358646
0.46672
0.332838
0.0885314
0.104384
0.227659
0.16853
0.394447
0.33336
0.380702
0.407124
0.0750283
0.226514
0.366853
0.424114
0.633741
0.385085
0.684456
0.0755827
0.688888
0.473307
0.163128
0.142796
0.140287
0.285686
0.322573
0.245508
0.0822048
0.117408
0.0985784
0.158726
0.497317
0.33459
0.646381
0.426543
0.797908
0.0657034
0.769463
0.715483
0.344948
0.28718
0.132757
0.281111
0.21088
0.277416
0.141042
0.0735851
0.077947
0.120912
0.331403
0.413832
0.574814
0.493922
0.671324
0.677298
0.84707
0.817729
0.817009
0.681837
0.424619
0.371813
0.11145
0.327336
0.166187
0.203404
0.0712098
0.388002
0.285131
0.390123
0.329142
0.247049
0.407594
0.234606
0.388804
0.424592
0.728929
0.756007
0.726386
0.795377
0.574201
0.577099
0.705353
0.718655
0.625424
0.482955
0.330717
0.46505
0.331364
0.193173
0.258685
0.281772
0.16749
0.15653
0.0751403
0.0376909
0.0689206
0.0934646
0.214766
0.108696
0.293292
0.379955
0.427149
0.478066
0.184455
0.33588
0.183164
0.205633
0.0969034
0.207685
0.110791
0.0228184
0.173021
0.113356
0.369961
0.115736
0.0887466
0.335075
0.141612
0.317853
0.211845
0.162162
0.370998
0.191906
0.413909
0.454101
