0.505216
0.590904
0.840469
0.496264
0.735928
0.49817
0.547924
0.598137
0.551344
0.469936
0.528993
0.595858
0.726488
0.630033
0.662466
0.650649
0.666973
0.253006
0.130164
0.244444
0.242648
0.636213
0.32031
0.708419
0.42162
0.561125
0.782313
0.455674
0.597841
0.327832
0.462185
0.145552
0.532129
0.487987
0.531411
0.354022
0.0951005
0.173961
0.12621
0.417398
0.598316
0.638762
0.445439
0.656591
0.544321
0.0877749
0.498901
0.456194
0.571889
0.63783
0.488537
0.596808
0.294366
0.339318
0.278
0.0913403
0.0932601
0.0978894
0.171694
0.186613
0.217102
0.170551
0.0504128
0.488095
0.228216
0.133968
0.119101
0.0715149
0.384597
0.451507
0.141381
0.471086
0.200949
0.550764
0.360398
0.443792
0.37223
0.394595
0.319464
0.279943
0.358109
0.572163
0.46213
0.285878
0.485556
0.154522
0.0428708
0.173376
0.131494
0.441835
0.269711
0.226965
0.362666
0.512783
0.363122
0.577565
0.673157
0.427385
0.67424
0.510732
0.451406
0.285942
0.344469
0.53706
0.273795
0.503074
0.60885
0.440107
0.584606
0.404216
0.628431
0.718991
0.665001
0.461308
0.44152
0.201866
0.44337
0.453233
0.254864
0.305736
0.191451
0.393416
0.572939
0.686275
0.583917
0.520604
0.214006
0.512255
0.634568
0.3591
0.156649
0.139399
0.255445
0.473055
0.360372
0.478337
0.518186
0.411636
0.621367
0.756986
0.453305
0.318306
0.479569
0.360703
0.657737
0.911092
0.820311
0.873587
0.862361
0.790549
0.584468
0.764365
0.818774
0.821728
0.598636
0.855355
0.874684
0.444677
0.81028
0.415966
0.492487
0.281124
0.314734
0.176778
0.223894
0.371222
0.381671
0.312679
0.381992
0.48279
0.452556
0.6476
0.708301
0.637191
0.373653
0.142557
0.464925
0.586935
0.7376
0.650592
0.587821
0.784843
0.705582
0.501293
0.582155
0.715759
0.719054
0.108125
0.289991
0.210107
0.485672
0.635383
0.69846
0.379217
0.489299
0.547558
0.563629
0.581361
0.558778
0.578454
0.58344
0.47053
0.569894
0.499069
0.646886
0.548536
0.641612
0.504912
0.54283
0.448404
0.290491
0.106196
0.0697823
0.181572
0.173287
0.494032
0.506902
0.433164
0.403842
0.665943
0.678096
0.578099
0.6395
0.265621
0.315533
0.723619
0.423436
0.487684
0.430389
0.73657
0.241272
0.358743
0.771592
0.689297
0.181123
0.0950907
0.340366
0.607381
0.812464
0.539777
0.489845
0.35418
0.377312
0.673064
0.509826
0.719852
0.537448
0.260251
0.116642
0.377542
0.132447
0.288707
0.685463
0.241425
0.178935
0.647634
0.706851
0.499142
0.508969
0.551445
0.447171
0.710479
0.704541
0.737784
0.882994
0.587237
0.394365
0.387542
0.745204
0.595435
0.375813
0.677591
0.832961
0.403313
0.479762
0.908667
0.837063
0.565688
0.793359
0.92941
0.669646
0.669367
0.882002
0.823677
0.396887
0.33367
0.62531
0.85691
0.931078
0.949268
0.881945
0.905218
0.838516
0.691756
0.873
0.884906
0.629654
0.424463
0.777988
0.848831
0.494503
0.549621
0.735942
0.500743
0.298099
0.614034
0.438799
0.286824
0.443151
0.413051
0.174718
0.356857
0.359784
0.168551
0.158255
