0.352589
0.500479
0.533013
0.628522
0.443506
0.473171
0.556038
0.17215
0.750472
0.549451
0.891018
0.483997
0.52542
0.685275
0.481537
0.384746
0.299134
0.204891
0.369273
0.218074
0.0957687
0.413312
0.280928
0.105956
0.39477
0.520522
0.41765
0.603167
0.505747
0.52049
0.441665
0.72725
0.77573
0.805769
0.765095
0.947431
0.918383
0.679832
0.719511
0.500486
0.423638
0.772593
0.458795
0.528821
0.655977
0.423545
0.237595
0.680054
0.556947
0.595998
0.467361
0.585682
0.602004
0.701435
0.584054
0.437781
0.44044
0.547575
0.55403
0.604271
0.612632
0.398947
0.353717
0.262822
0.498719
0.610658
0.325357
0.280124
0.689325
0.673318
0.270947
0.606526
0.750896
0.769059
0.299862
0.7909
0.706748
0.484337
0.487005
0.230906
0.317684
0.312564
0.434412
0.576817
0.643772
0.587865
0.517778
0.614896
0.441848
0.456019
0.576844
0.395665
0.580751
0.548927
0.774573
0.922095
0.904235
0.362321
0.451168
0.836076
0.840003
0.51026
0.617781
0.689203
0.311428
0.621424
0.677165
0.347626
0.319961
0.51814
0.212078
0.419874
0.436904
0.511639
0.435968
0.891157
0.839425
0.894973
0.410046
0.709823
0.613669
0.87376
0.875599
0.875811
0.725837
0.758789
0.733708
0.597361
0.501381
0.590649
0.54494
0.330028
0.462915
0.423689
0.512676
0.392776
0.465393
0.670098
0.722203
0.321896
0.837656
0.759341
0.913667
0.899289
0.58672
0.741735
0.499692
0.383918
0.493295
0.516251
0.285831
0.419344
0.888383
0.790304
0.730942
0.594775
0.434266
0.430616
0.385464
0.586123
0.402844
0.466738
0.644901
0.583441
0.715772
0.877161
0.785606
0.854314
0.519873
0.442429
0.109192
0.147212
0.405508
0.517432
0.210427
0.527195
0.340939
0.187896
0.315014
0.0914701
0.111981
0.519615
0.254428
0.609222
0.506916
0.730476
0.927744
0.874229
0.903211
0.338491
0.685933
0.560253
0.567853
0.541252
0.826117
0.905649
0.490063
0.826851
0.90012
0.635914
0.676094
0.619244
0.776018
0.369728
0.849123
0.935958
0.933089
0.894252
0.87135
0.834706
0.721308
0.54768
0.642376
0.544371
0.527264
0.46834
0.508826
0.445244
0.679149
0.79709
0.889778
0.663878
0.404166
0.79119
0.80764
0.651846
0.726358
0.472958
0.256284
0.472119
0.408127
0.293107
0.593876
0.808407
0.872495
0.896714
0.899255
0.547433
0.581658
0.359658
0.260486
0.370146
0.154312
0.207873
0.717149
0.539199
0.27075
0.611809
0.770377
0.389011
0.27078
0.847817
0.581139
0.34801
0.56044
0.402651
0.565633
0.272109
0.831877
0.517586
0.869751
0.865925
0.52902
0.620018
0.251008
0.637533
0.744195
0.918402
0.875522
0.912246
0.863806
0.92514
0.873356
0.809965
0.82192
0.558529
0.664035
0.727552
0.68419
0.710487
0.311497
0.123955
0.165891
0.054098
0.0702661
0.160799
0.355788
0.404574
0.35622
0.527314
0.646885
0.567036
0.408448
0.601708
0.74887
0.740623
0.819095
0.793254
0.549134
0.637864
0.429783
0.513162
0.221466
0.117617
0.378707
0.371747
0.473451
0.431128
0.432797
0.118336
0.811324
0.494664
0.899742
0.874296
0.504447
0.458516
0.608848
0.576295
0.404593
0.249541
0.506216
0.372182
0.642802
0.559467
0.409665
0.235443
0.105405
0.601801
0.390017
0.676255
0.683146
0.247176
0.214354
0.564316
0.652182
0.248888
0.496141
0.456703
0.390247
0.588989
0.56373
0.317891
0.248597
0.231789
0.459832
0.322244
0.242795
0.670173
0.13945
0.374083
0.479192
0.6631
0.603617
0.418652
0.271241
0.732244
0.622692
0.534592
0.118314
0.324817
0.188681
0.0586781
0.056301
0.579913
0.336142
0.0946393
0.341629
0.63372
0.639293
0.385208
0.187959
0.122745
0.0705856
0.0902269
0.0715319
0.324786
0.086845
0.392563
0.418779
0.30807
0.39368
0.339085
0.633563
0.245157
0.183869
0.6531
