0.618585
0.635822
0.786406
0.762122
0.601051
0.823268
0.148695
0.138008
0.367292
0.600411
0.300159
0.574727
0.712807
0.684141
0.569303
0.787226
0.576259
0.562429
0.627709
0.582285
0.44624
0.332246
0.398318
0.446924
0.374049
0.217543
0.305764
0.503442
0.232412
0.260359
0.296437
0.446618
0.180128
0.304364
0.454481
0.414454
0.733984
0.613426
0.673095
0.277669
0.419876
0.744999
0.475266
0.233415
0.660384
0.555885
0.560689
0.80319
0.685149
0.796458
0.769557
0.539333
0.782814
0.557182
0.705651
0.628751
0.828743
0.737029
0.900759
0.796438
0.76574
0.73025
0.581995
0.719077
0.585999
0.605406
0.779432
0.704704
0.76726
0.737078
0.658966
0.797338
0.509048
0.757509
0.636362
0.601865
0.608267
0.56132
0.356066
0.695575
0.658295
0.773578
0.652687
0.586656
0.604775
0.852021
0.663575
0.867967
0.890076
0.820849
0.706431
0.703267
0.303562
0.218076
0.536988
0.308284
0.51609
0.429375
0.650089
0.474489
0.678975
0.505811
0.576868
0.594345
0.521546
0.484873
0.583046
0.443669
0.705393
0.765833
0.558387
0.442865
0.742101
0.726989
0.176584
0.781605
0.627277
0.542576
0.676051
0.55082
0.790931
0.653171
0.386033
0.50133
0.223055
0.462956
0.486634
0.79293
0.866459
0.463478
0.474774
0.770612
0.525155
0.338052
0.234857
0.339939
0.172045
0.516019
0.630417
0.268201
0.420296
0.522256
0.214692
0.157276
0.41552
0.358961
0.136299
0.0849779
0.595622
0.357509
0.111954
0.245964
0.727482
0.391734
0.624653
0.322054
0.102514
0.0804817
0.267355
0.28589
0.512403
0.298213
0.398522
0.603914
0.395407
0.693462
0.59257
0.799423
0.497493
0.164926
0.628544
0.367463
0.223391
0.181354
0.143814
0.205795
0.437703
0.377368
0.165168
0.388046
0.561785
0.575142
0.297504
0.52023
0.495468
0.201097
0.40869
0.4469
0.450494
0.323752
0.503486
0.552382
0.472042
0.648759
0.900253
0.755178
0.862244
0.838979
0.633068
0.644106
0.874828
0.553176
0.602242
0.875046
0.447328
0.908158
0.560141
0.624581
0.375445
0.120818
0.383784
0.206193
0.437152
0.117914
0.119705
0.602489
0.280971
0.294258
0.495784
0.25902
0.236602
0.37412
0.70759
0.237044
0.900832
0.922436
0.416175
0.486476
0.514621
0.507065
0.38254
0.0750621
0.380359
0.239472
0.422248
0.243905
0.421919
0.311535
0.244619
0.542606
0.469552
0.216714
0.139986
0.355088
0.415845
0.304921
0.109815
0.111505
0.390155
0.544036
0.493616
0.524165
0.535238
0.443723
0.473478
0.446676
0.569981
0.59472
0.272903
0.520792
0.245024
0.571933
0.648068
0.432624
0.415485
0.405591
0.497304
0.21738
0.29486
0.495328
0.437186
0.403434
0.264313
0.428454
0.545467
0.356073
0.284432
0.480017
0.443635
0.472845
0.465505
0.659535
0.335166
0.677224
0.283937
0.308272
0.523985
0.178189
0.0806431
0.67101
0.796587
0.440739
0.140995
0.140249
0.126623
0.0663377
0.0395724
0.190618
0.0548945
0.708499
0.476274
0.764497
0.419807
0.65266
0.326566
0.256192
0.28127
0.440251
0.463273
0.164738
0.340888
0.142392
0.194633
0.338526
0.433152
0.44327
0.43312
0.0796283
0.248391
0.261312
0.414998
0.240965
0.47566
0.782952
0.904184
0.914441
0.725203
0.519306
0.504684
0.391181
0.119397
0.0367287
0.102378
0.318357
0.190327
0.562115
0.521324
0.220782
0.0671578
0.567952
0.265685
0.443385
0.603703
0.419757
0.230618
0.313171
0.44802
0.6449
0.799761
0.764733
0.457545
0.193531
0.107171
0.0554107
0.134487
0.180427
0.443486
0.180335
0.746485
0.695208
0.93571
0.760856
0.495598
0.717941
0.876156
0.918368
0.869023
0.856918
0.355794
0.456566
0.199864
0.0568097
0.0622096
0.471321
0.636065
0.393739
0.416556
0.777048
0.0714514
0.712508
0.307874
0.587597
0.421292
0.342794
0.0469794
0.0281449
