0.439175
0.560146
0.644613
0.349748
0.452297
0.437817
0.527375
0.613544
0.535486
0.773997
0.946935
0.925202
0.679622
0.860994
0.880073
0.955085
0.936206
0.696784
0.653724
0.913581
0.783657
0.471726
0.498308
0.590656
0.579789
0.651528
0.429998
0.527101
0.451229
0.525302
0.644001
0.654393
0.687329
0.89693
0.874349
0.831007
0.94268
0.896012
0.936708
0.864209
0.671928
0.779637
0.802459
0.408147
0.427792
0.550822
0.589279
0.530159
0.719196
0.713335
0.605902
0.73047
0.342595
0.519403
0.771229
0.388387
0.64142
0.278884
0.239468
0.232908
0.286934
0.455817
0.624654
0.500416
0.491152
0.829288
0.812453
0.38222
0.381049
0.850357
0.815972
0.363145
0.473705
0.772056
0.437248
0.296488
0.371252
0.468725
0.252863
0.676577
0.358051
0.236438
0.0759297
0.371692
0.232139
0.479276
0.533487
0.667029
0.464511
0.69011
0.695445
0.825887
0.92124
0.918605
0.887558
0.66979
0.583141
0.53066
0.472689
0.832774
0.627388
0.40348
0.690547
0.861751
0.432177
0.22163
0.837633
0.347745
0.161369
0.229388
0.208547
0.0460271
0.443517
0.498899
0.496136
0.61127
0.587849
0.438691
0.439162
0.226412
0.670455
0.62848
0.49713
0.375997
0.400309
0.435698
0.754528
0.685934
0.557772
0.708138
0.928195
0.722699
0.562032
0.876669
0.937999
0.522608
0.652707
0.75209
0.909518
0.703361
0.7025
0.606969
0.458272
0.158413
0.486889
0.0580396
0.266822
0.0982615
0.0636115
0.28957
0.435231
0.0928595
0.0865152
0.766443
0.455336
0.168309
0.681006
0.732648
0.167714
0.262786
0.698972
0.423863
0.135689
0.322787
0.728736
0.400676
0.533373
0.489575
0.507764
0.254278
0.0546977
0.145673
0.273554
0.0980259
0.12825
0.410862
0.221392
0.59028
0.362086
0.675979
0.286784
0.575355
0.487114
0.664701
0.429554
0.423696
0.125248
0.410826
0.33923
0.315002
0.192823
0.209593
0.329583
0.223391
0.252415
0.41115
0.745711
0.516866
0.244235
0.567998
0.727015
0.462688
0.3678
0.626807
0.587403
0.341689
0.313886
0.673925
0.783395
0.865492
0.564352
0.748353
0.800633
0.703469
0.63696
0.574653
0.462837
0.345386
0.836423
0.54577
0.206973
0.795291
0.594347
0.423376
0.601877
0.866629
0.706803
0.467206
0.796854
0.770392
0.932027
0.879555
0.862412
0.855099
0.782166
0.52589
0.589028
0.400791
0.228124
0.468298
0.199623
0.360439
0.225698
0.441996
0.477693
0.406638
0.328887
0.631155
0.448716
0.351382
0.604057
0.703947
0.454018
0.289207
0.699545
0.409261
0.754273
0.568746
0.299414
0.737503
0.363231
0.249189
0.3509
0.0349028
0.289687
0.508385
0.913073
0.585743
0.722776
0.0742323
0.13522
0.299374
0.234752
0.183364
0.216565
0.362838
0.54082
0.33319
0.488854
0.243647
0.360069
0.186928
0.13707
0.29935
0.569229
0.364607
0.390153
0.769875
0.929289
0.861488
0.701831
0.828048
0.538753
0.511161
0.665762
0.7527
0.707408
0.656334
0.774401
0.7998
0.551623
0.355612
0.456368
0.450683
0.242592
0.32416
0.470736
0.358214
0.3219
0.222653
0.576757
0.384779
0.299805
0.415242
0.541847
0.332012
0.258168
0.611973
0.415637
0.338333
0.44211
0.556204
0.630922
0.344163
0.318175
0.419666
0.426764
0.412205
0.575304
0.368693
0.187448
0.430963
0.405762
0.363826
0.283458
0.435948
0.317791
0.447596
0.301142
0.521254
0.46572
0.403248
0.552769
0.565475
0.504675
0.394785
0.663239
0.787686
0.413454
0.714165
0.373446
0.367524
0.0687863
0.90695
0.909498
0.868269
0.422504
0.252813
0.605134
0.142801
0.417603
0.639722
0.38483
0.625689
0.828954
0.81738
0.677344
0.712307
0.443387
0.44646
0.376772
0.461144
0.415959
0.550193
0.872917
0.796085
0.860276
0.592701
0.842067
0.807098
0.524206
0.385105
0.585771
0.471892
0.709763
0.776929
0.788524
0.863242
0.763316
0.867524
0.854043
0.83342
0.788881
0.612871
0.65935
0.361074
0.492752
0.51648
0.402235
0.580151
0.20906
0.223584
0.312792
0.801471
0.740891
0.87403
0.914083
0.906564
0.901539
0.79868
0.808064
0.554833
0.323133
0.353796
0.306391
0.199753
0.276109
0.146352
0.389021
0.171301
0.42348
0.332539
0.189176
0.5145
0.73147
0.474806
0.737193
0.903098
0.863686
0.632735
0.861663
0.552585
