0.156043
0.232351
0.410231
0.352018
0.35804
0.55889
0.533518
0.801349
0.580463
0.798749
0.826684
0.718962
0.527584
0.454053
0.865067
0.652803
0.689133
0.555794
0.521461
0.252586
0.264775
0.0546625
0.232054
0.225964
0.127321
0.234553
0.220072
0.49278
0.316143
0.484045
0.180125
0.509059
0.345401
0.503433
0.401244
0.591532
0.690063
0.699342
0.687532
0.580703
0.520568
0.536071
0.638794
0.526778
0.637822
0.580542
0.501542
0.332857
0.414353
0.160374
0.210085
0.0730075
0.275765
0.42383
0.17015
0.152978
0.625146
0.538232
0.308881
0.342384
0.59824
0.651762
0.37745
0.378394
0.582039
0.556242
0.531806
0.399589
0.146572
0.429168
0.346819
0.399872
0.755636
0.693609
0.843159
0.622405
0.8524
0.81357
0.773759
0.621599
0.671248
0.743555
0.736025
0.523523
0.437533
0.178478
0.360607
0.452346
0.297032
0.163862
0.486995
0.607019
0.116753
0.0582583
0.414721
0.247824
0.167447
0.225275
0.35802
0.145524
0.103542
0.184174
0.036674
0.233305
0.42991
0.131256
0.437299
0.505876
0.666956
0.578432
0.735116
0.637325
0.804935
0.79551
0.758194
0.524125
0.733478
0.780054
0.132145
0.619563
0.728381
0.203973
0.406619
0.528645
0.680792
0.511868
0.381955
0.554974
0.748296
0.561255
0.364833
0.485158
0.746037
0.590714
0.359135
0.562234
0.490075
0.459869
0.538671
0.55173
0.557109
0.179709
0.232298
0.723778
0.431964
0.878867
0.768022
0.871383
0.802844
0.53734
0.709775
0.561905
0.671123
0.277722
0.625953
0.510019
0.420896
0.419062
0.524098
0.381267
0.317596
0.397537
0.543146
0.531676
0.565889
0.66916
0.470907
0.500938
0.680262
0.55997
0.665635
0.424685
0.589006
0.502608
0.250803
0.439622
0.274539
0.583815
0.422085
0.400914
0.433642
0.149323
0.477411
0.367017
0.539755
0.763841
0.63397
0.544407
0.652787
0.791639
0.805192
0.583348
0.47685
0.68476
0.508612
0.432199
0.630274
0.554649
0.233472
0.364124
0.144089
0.107217
0.386982
0.635534
0.192666
0.0656554
0.0942157
0.594363
0.31563
0.547604
0.414696
0.129521
0.0475071
0.0926259
0.078546
0.0978034
0.0576195
0.0240368
0.114639
0.0516755
0.31535
0.181023
0.331592
0.171914
0.133459
0.373304
0.569756
0.0575448
0.0825474
0.438098
0.405206
0.080059
0.037575
0.34818
0.355288
0.198848
0.274175
0.0655864
0.175316
0.562221
0.531965
0.238904
0.261727
0.535862
0.639182
0.204638
0.342682
0.313621
0.386321
0.516482
0.460117
0.421871
0.719257
0.549321
0.523846
0.75267
0.858352
0.866995
0.774178
0.342975
0.783816
0.789552
0.308067
0.433885
0.655257
0.596113
0.679043
0.607584
0.373458
0.256651
0.0850235
0.0832625
0.38144
0.183559
0.194062
0.187223
0.295503
0.409635
0.110777
0.448094
0.334093
0.256948
0.186365
0.0876896
0.0391049
0.155472
0.402074
0.394807
0.0168849
0.0585244
0.111499
0.0668947
0.429184
0.132896
0.262314
0.552095
0.358532
0.0613204
0.412059
0.599346
0.284852
0.347636
0.590391
0.556108
0.77587
0.667277
0.591048
0.700851
0.702917
0.0115019
0.62087
0.774513
0.36833
0.0304928
0.628925
0.825767
0.306047
0.0319094
0.70313
0.714491
0.207472
0.0383056
0.0207655
0.776678
0.0953157
0.663673
0.344693
0.354233
0.0865844
0.372134
0.0684648
0.44307
0.236737
0.58359
0.512434
0.409744
0.811273
0.413324
0.485691
0.709125
0.77844
0.822865
0.805211
0.753215
0.665059
0.408681
0.61555
0.462753
0.62325
0.587173
0.585451
0.327111
