0.608675
0.190554
0.192566
0.508686
0.775519
0.545103
0.281819
0.309043
0.714278
0.806628
0.31035
0.500663
0.821307
0.715098
0.267504
0.524683
0.745154
0.470146
0.340088
0.455386
0.447224
0.50934
0.678396
0.519306
0.777258
0.449698
0.28495
0.511905
0.56777
0.739221
0.638811
0.737121
0.551797
0.75094
0.526493
0.582621
0.669474
0.670163
0.627008
0.665631
0.756884
0.787457
0.626998
0.615384
0.709566
0.782604
0.449769
0.496377
0.819353
0.597535
0.355496
0.496641
0.832321
0.520397
0.334576
0.72804
0.418793
0.822577
0.567425
0.672325
0.778691
0.805261
0.901015
0.740924
0.879791
0.809212
0.726861
0.604899
0.550315
0.386321
0.447396
0.682923
0.40977
0.279438
0.668648
0.600771
0.747244
0.876409
0.895324
0.935203
0.790282
0.934801
0.918647
0.879384
0.871355
0.821774
0.753403
0.729755
0.674385
0.533014
0.545663
0.502276
0.40491
0.29063
0.114246
0.279931
0.525426
0.276214
0.517301
0.474193
0.670885
0.60691
0.837004
0.876975
0.812293
0.956392
0.923106
0.939034
0.756324
0.793488
0.890001
0.899015
0.503443
0.71334
0.773734
0.409389
0.460825
0.648407
0.392927
0.301736
0.420989
0.7303
0.462135
0.407845
0.643948
0.747126
0.764392
0.883472
0.861498
0.869779
0.866766
0.901113
0.881047
0.871994
0.924552
0.828777
0.948768
0.875136
0.880379
0.908685
0.756831
0.778753
0.83921
0.87553
0.883662
0.889861
0.933844
0.941172
0.814409
0.783105
0.666562
0.88766
0.850153
0.91463
0.822972
0.913418
0.708327
0.946172
0.633777
0.669584
0.758514
0.727645
0.505145
0.381883
0.327071
0.578913
0.272162
0.644357
0.530585
0.544847
0.55044
0.55051
0.511094
0.734186
0.619041
0.233605
0.713953
0.738481
0.334099
0.433116
0.603515
0.488944
0.348248
0.392395
0.715976
0.630026
0.279389
0.444007
0.53649
0.575585
0.626305
0.71597
0.623455
0.736341
0.899685
0.784623
0.665194
0.886839
0.876113
0.941306
0.966226
0.933468
0.957754
0.877899
0.647642
0.850035
0.842224
0.607879
0.782082
0.505158
0.574951
0.552509
0.718068
0.800662
0.583939
0.659267
0.637082
0.443354
0.84825
0.714976
0.891492
0.900537
0.573865
0.841223
0.920726
0.578126
0.870231
0.390068
0.931185
0.373724
0.46538
0.854651
0.944948
0.426673
0.430864
0.909606
0.822303
0.34856
0.357587
0.360902
0.487683
0.402769
0.67033
0.414219
0.518273
0.383398
0.205658
0.237723
0.260981
0.503136
0.579546
0.545968
0.519912
0.379623
0.777616
0.544375
0.942641
0.935788
0.898997
0.841819
0.920037
0.782204
0.88993
0.314151
0.655697
0.646743
0.720956
0.410903
0.606602
0.727399
0.649828
0.575117
0.497915
0.752316
0.550737
0.457841
0.451335
0.525081
0.525114
0.655892
0.470003
0.6035
0.662196
0.568566
0.398526
0.672897
0.594208
0.573346
0.278725
0.444055
0.42757
0.696118
0.576817
0.683444
0.532938
0.627423
0.489541
0.273711
0.108041
0.400931
0.140887
0.202368
0.0907264
0.188133
0.579336
0.230029
0.215215
0.529078
0.628311
0.283401
0.423427
0.302702
0.285111
0.141574
0.277413
0.350109
0.14735
0.0789168
0.194117
0.354965
0.0226248
0.0752923
0.188377
0.440412
0.726148
0.432213
0.69772
0.536934
0.517216
0.65839
0.758406
0.510891
0.377738
0.680951
0.471621
0.573849
0.451385
0.587454
0.644396
0.551904
0.452629
0.671331
0.627359
0.385911
0.570919
0.693414
0.237362
0.505866
0.499936
0.449967
0.561658
0.260171
0.597209
0.364155
0.55189
0.443763
0.437552
0.176278
0.326323
0.336497
0.0608247
0.146095
0.347089
0.558916
0.487962
0.516231
0.503529
0.673498
0.5069
0.620911
0.666323
0.325339
0.394716
0.49956
0.673558
0.429785
0.479622
0.287638
0.252998
0.176529
0.212947
0.232927
0.0750887
0.0940378
0.393279
0.422364
0.215214
0.13077
0.38648
0.507385
0.240261
0.099349
0.417931
0.477144
0.185018
0.305259
0.679363
0.474454
0.100696
0.503077
0.359869
0.366782
0.101569
0.291967
0.605462
0.604786
0.204646
0.365732
0.71468
0.558093
0.676195
0.345818
0.464165
0.427923
0.588536
0.331139
0.13588
0.458087
0.44404
0.122824
0.22816
0.475924
0.431587
0.327043
0.526633
0.44999
0.613961
0.423901
0.672446
0.364593
0.414965
0.783432
0.546281
0.641486
0.725267
0.839951
0.508578
0.609088
0.786643
0.623486
0.664817
0.715551
0.718909
0.459336
0.443791
0.521197
0.406715
0.230153
0.262404
0.684333
0.442961
0.642808
0.88536
0.801484
0.902604
0.793465
0.724142
0.84657
0.677321
0.783351
0.84635
0.811388
0.739952
0.698242
0.720109
0.533517
0.524136
0.265655
0.498371
0.521307
0.510415
0.584576
0.572275
0.184166
0.406565
0.394894
0.383558
0.417194
0.62441
0.763913
0.582964
0.550968
0.63969
0.736342
0.316635
0.68543
0.78359
0.909974
