0.424933
0.304039
0.394717
0.137886
0.445923
0.526455
0.25007
0.190163
0.586444
0.278067
0.170281
0.197731
0.407133
0.19626
0.369489
0.380375
0.324924
0.368887
0.518272
0.490074
0.498755
0.207706
0.487587
0.373876
0.611074
0.609938
0.495282
0.476049
0.517156
0.401615
0.341217
0.203257
0.384827
0.270892
0.591491
0.446855
0.271822
0.0947807
0.416733
0.281018
0.0712549
0.0756903
0.469228
0.441849
0.107535
0.240976
0.598381
0.410311
0.632811
0.268805
0.155071
0.233011
0.562125
0.370433
0.152281
0.440324
0.304952
0.351698
0.310674
0.360372
0.6847
0.615611
0.416971
0.576399
0.700148
0.504967
0.469317
0.100266
0.377067
0.566047
0.163076
0.215341
0.365834
0.414685
0.13149
0.222984
0.472861
0.249451
0.140455
0.333566
0.254861
0.4631
0.328854
0.666063
0.572981
0.381308
0.368886
0.40395
0.38043
0.67003
0.752091
0.597604
0.813914
0.743261
0.471656
0.533637
0.588843
0.394489
0.285373
0.639042
0.52364
0.752353
0.783702
0.36602
0.206447
0.5408
0.197995
0.075642
0.215094
0.660499
0.559093
0.536252
0.516176
0.563195
0.614678
0.457342
0.688108
0.6225
0.474418
0.431851
0.56919
0.203401
0.228043
0.613825
0.583912
0.479545
0.307326
0.601173
0.451746
0.422931
0.357781
0.379421
0.359588
0.552077
0.879273
0.650938
0.786114
0.863213
0.517767
0.335014
0.762172
0.580354
0.626323
0.258712
0.193785
0.379096
0.493107
0.0306225
0.678033
0.416655
0.395539
0.821259
0.64038
0.321234
0.299874
0.63379
0.737762
0.61656
0.847099
0.745346
0.158384
0.426973
0.630566
0.489547
0.243796
0.518405
0.436988
0.322755
0.343294
0.332866
0.437308
0.364768
0.396123
0.300573
0.289257
0.397736
0.357295
0.290365
0.390126
0.277014
0.236096
0.370737
0.366977
0.533284
0.401162
0.397331
0.301108
0.146804
0.211156
0.449219
0.725981
0.821648
0.566994
0.210552
0.634975
0.685632
0.460407
0.507945
0.393095
0.434385
0.142917
0.323103
0.33299
0.49235
0.601214
0.405591
0.399317
0.51939
0.584555
0.738539
0.528975
0.34944
0.387359
0.543448
0.428917
0.538461
0.85953
0.738825
0.491402
0.530113
0.572577
0.27462
0.44938
0.56839
0.497125
0.162303
0.369589
0.437521
0.393331
0.539815
0.246925
0.693735
0.441155
0.394247
0.680912
0.118158
0.462842
0.684293
0.55257
0.434617
0.506442
0.371626
0.296142
0.49048
0.482371
0.265313
0.351816
0.64977
0.526932
0.494758
0.59203
0.595884
0.325187
0.590324
0.200412
0.498225
0.517351
0.414721
0.0902707
0.355337
0.560763
0.211771
0.517935
0.401871
0.360431
0.326482
0.206227
0.357765
0.100758
0.571809
0.731033
0.541354
0.506281
0.372988
0.368221
0.37972
0.351758
0.0651229
0.105642
0.233107
0.0265374
0.328271
0.185851
0.0498603
0.371542
0.398911
0.392965
0.209716
0.146084
0.118038
0.32798
0.296612
0.102412
0.339984
0.435429
0.231069
0.158544
0.0714808
0.242671
0.321892
0.264677
0.47945
0.541646
0.615248
0.71077
0.383892
0.584003
0.572083
0.451556
0.188072
0.43553
0.396685
0.0913107
0.264561
0.213623
0.0921122
0.0530141
0.0593092
0.276648
0.480291
0.171324
0.30707
0.16346
0.229821
0.436187
0.189063
0.282883
0.174766
0.390834
0.434617
0.374854
0.363422
0.642077
0.41804
0.483542
0.419455
0.430285
0.41959
0.340239
0.317118
0.48271
0.634243
0.31716
0.24582
0.438355
0.501013
0.410759
0.326842
0.539076
0.398861
0.171993
0.223118
0.31253
0.506177
0.467196
0.277271
0.370913
0.665359
0.506139
0.363224
0.203362
0.201051
0.449125
0.445942
0.131823
0.422633
0.562557
0.462395
0.468438
0.432563
0.288886
0.438024
0.599003
0.458226
0.450371
0.472196
0.537898
0.724842
0.734982
0.613409
0.451531
0.268617
0.635637
0.50049
0.636848
0.646562
0.610582
0.381656
0.534387
0.22576
0.420083
0.359669
0.541218
0.0709624
0.466288
0.265139
0.297635
0.521796
0.696095
0.417345
0.546208
0.620181
0.519699
0.50769
0.636879
0.506922
0.370483
0.379201
0.761123
0.601305
0.534439
0.649442
0.380912
0.437186
0.535803
0.396103
0.434176
0.485242
0.439142
0.626721
0.596704
0.353131
0.270646
0.305328
0.48888
0.240308
0.307108
0.34046
0.41164
0.166986
0.116743
0.383702
0.240799
0.391784
0.206076
0.398925
0.270286
0.543279
0.793382
0.51771
0.237224
0.394685
0.104109
0.335046
0.10167
0.152074
0.680071
0.386636
0.0788571
0.419792
0.637554
0.0999216
0.0602812
0.296323
0.275806
0.0362946
0.141044
0.228957
0.599877
0.162913
0.400138
0.477887
0.301849
0.660181
0.494218
0.790841
0.796221
0.662708
0.554638
0.692673
0.461218
0.558654
0.668604
0.490912
0.337861
0.328285
0.575188
0.292979
0.295725
0.593759
0.740111
0.762236
0.619355
0.377753
0.238254
0.45511
0.565457
0.404622
0.538184
0.447252
0.502454
0.660053
0.566332
0.261795
0.45397
0.539348
0.0802906
0.364693
0.433586
0.4969
0.529825
0.460065
0.65433
0.523639
0.619574
0.627952
0.421927
0.590357
0.426513
0.425726
0.40193
0.535682
0.708177
0.405524
0.607616
0.59318
0.407103
0.345464
0.360942
0.335988
0.403243
0.551981
0.72656
0.556751
0.580373
0.481315
0.526656
0.498161
0.238745
0.587859
0.495187
0.381831
0.371656
0.505419
0.419504
0.304329
0.27121
0.310997
0.559425
0.515384
0.412483
0.470042
0.448682
0.534722
0.798358
0.636462
0.80349
0.171839
0.682108
0.593568
0.619486
0.524953
0.287912
0.516563
0.530812
0.702511
0.271275
0.259528
0.375457
0.673525
0.355093
0.489325
0.589509
0.799245
0.724115
0.835269
0.852617
0.880795
0.795988
0.800477
0.577345
0.677716
0.819523
0.766823
0.755938
0.612943
0.354584
0.245349
0.719657
0.499488
0.240005
0.564893
0.536025
0.581618
0.821351
0.901043
0.854311
0.767346
0.671113
0.851148
0.838821
0.735087
0.750722
0.4982
0.809597
0.731693
0.584266
0.611916
0.334745
0.675739
0.677167
0.643177
0.762032
0.733437
0.770545
0.666847
0.7688
0.438438
0.431339
0.400735
0.386703
0.220598
0.354642
0.48009
0.469534
0.418299
0.561886
0.601322
0.403411
0.698166
0.325135
0.327357
0.34467
0.532261
0.333138
0.455559
0.275741
0.20912
0.125893
0.347921
0.336774
0.625837
0.465988
0.507263
0.395952
0.73018
0.634727
0.838239
0.879107
0.757597
0.699259
0.546269
0.290349
0.123197
0.584542
0.602575
0.38114
0.522469
0.476841
0.545679
0.643759
0.464292
0.677522
0.54304
0.867154
0.850202
0.615099
0.64686
0.783957
0.719863
0.903818
0.651445
0.578348
0.572371
0.8886
0.777503
0.869853
0.638508
0.514686
0.497152
0.0436529
0.258009
0.0819214
0.528084
0.0877693
0.46513
0.170143
0.400614
0.325509
0.522366
0.401406
0.53559
0.694105
0.729184
0.655774
0.668119
0.915792
0.754984
0.616958
0.428457
0.231163
0.468929
0.366779
0.702777
0.601386
0.618877
0.614038
0.622974
0.539165
0.588987
0.443705
0.572779
0.300523
0.394121
0.163219
0.175664
0.617992
0.44916
0.576104
0.635431
0.445256
0.136716
0.148375
0.221672
0.419837
0.282551
0.520999
0.443459
0.569655
0.512152
0.289627
0.280193
0.420309
0.138527
