0.674281
0.460323
0.524457
0.724581
0.589944
0.523218
0.446923
0.540054
0.467801
0.340741
0.333077
0.2536
0.202451
0.327158
0.279623
0.36995
0.763051
0.809634
0.886407
0.880258
0.629985
0.640627
0.746022
0.707647
0.235666
0.383868
0.318032
0.81148
0.68344
0.763878
0.782989
0.772198
0.495279
0.433564
0.53069
0.61325
0.749261
0.628653
0.354494
0.307692
0.592875
0.416349
0.629803
0.775037
0.426886
0.582836
0.764771
0.813049
0.804067
0.354271
0.235193
0.803537
0.572016
0.226958
0.214662
0.740022
0.47101
0.558007
0.665375
0.818663
0.619406
0.76954
0.689747
0.520309
0.713103
0.749188
0.560327
0.39677
0.599499
0.750216
0.449557
0.234193
0.432544
0.301284
0.429596
0.326042
0.149704
0.394815
0.465018
0.122627
0.236099
0.473359
0.0403121
0.183546
0.370872
0.0769502
0.147728
0.242788
0.0343305
0.404285
0.240816
0.124718
0.227045
0.523578
0.691161
0.780812
0.855807
0.936209
0.768501
0.718003
0.472063
0.70918
0.615375
0.360936
0.37782
0.142574
0.077914
0.235569
0.326506
0.178766
0.539824
0.466304
0.727341
0.724261
0.860977
0.452199
0.665284
0.720046
0.472087
0.478609
0.529802
0.524181
0.304563
0.588708
0.32014
0.168454
0.296444
0.282931
0.439487
0.677484
0.5198
0.518723
0.330827
0.307559
0.513734
0.692246
0.579589
0.706958
0.439429
0.543188
0.750055
0.687613
0.639958
0.363144
0.463195
0.220752
0.072097
0.178448
0.240316
0.79053
0.756263
0.886067
0.628096
0.326253
0.794796
0.830773
0.925554
0.92733
0.656309
0.81544
0.853245
0.868702
0.626057
0.49707
0.211822
0.404142
0.679
0.205608
0.126994
0.331759
0.504728
0.137013
0.185465
0.353021
0.245197
0.187093
0.199114
0.167073
0.312194
0.249133
0.50084
0.588684
0.505041
0.687719
0.913028
0.809428
0.766044
0.728972
0.897865
0.689471
0.733119
0.678647
0.598616
0.601224
0.669753
0.428387
0.692841
0.508767
0.214785
0.4269
0.476381
0.232931
0.156547
0.130357
0.501924
0.533384
0.639897
0.268144
0.445993
0.730791
0.313521
0.631515
0.418842
0.724192
0.508407
0.62182
0.236517
0.309119
0.554571
0.381146
0.459241
0.702181
0.415148
0.621446
0.477065
0.276458
0.385869
0.514332
0.264705
0.0933309
0.336688
0.430456
0.111697
0.152591
0.467623
0.250544
0.164027
0.279709
0.390511
0.251689
0.0733569
0.262628
0.298645
0.0448838
