0.329345
0.206213
0.148396
0.153066
0.308271
0.0471961
0.0304403
0.175543
0.0947502
0.0317666
0.0678205
0.396605
0.251925
0.0653054
0.412049
0.486919
0.231288
0.258159
0.665602
0.369851
0.226496
0.680737
0.711074
0.383863
0.537233
0.281419
0.240589
0.10599
0.381788
0.411584
0.230119
0.148662
0.539833
0.275186
0.0777878
0.272561
0.381457
0.175412
0.102446
0.257704
0.429053
0.188792
0.123979
0.253713
0.423161
0.15693
0.312867
0.123249
0.397949
0.302235
0.291536
0.549305
0.475758
0.551147
0.844393
0.690197
0.81906
0.746666
0.723243
0.514501
0.787661
0.818764
0.827276
0.615115
0.525252
0.347804
0.445903
0.349214
0.435462
0.462163
0.37196
0.360426
0.292841
0.585802
0.466584
0.742199
0.814159
0.789565
0.657024
0.544363
0.646409
0.506814
0.581762
0.371106
0.508203
0.260394
0.351239
0.418117
0.0754758
0.10286
0.0886655
0.468806
0.351022
0.393768
0.103179
0.361373
0.437775
0.555906
0.521939
0.63792
0.67491
0.609349
0.705567
0.53416
0.312787
0.285057
0.551602
0.661256
0.269654
0.291178
0.313804
0.343176
0.158897
0.315657
0.595845
0.366032
0.184156
0.558111
0.588596
0.109649
0.377277
0.476366
0.582448
0.405317
0.395842
0.549166
0.694587
0.281318
0.409599
0.548208
0.652494
0.340218
0.23366
0.558359
0.614402
0.361664
0.531889
0.601885
0.555418
0.454027
0.575089
0.380506
0.834156
0.871796
0.87045
0.883589
0.951351
0.91556
0.92348
0.855721
0.874114
0.723902
0.646915
0.724877
0.444896
0.398619
0.802691
0.436339
0.81409
0.48069
0.782583
0.852105
0.868837
0.863867
0.402141
0.817908
0.334739
0.433105
0.317911
0.136832
0.41773
0.336105
0.165219
0.32174
0.363549
0.69465
0.582459
0.333324
0.231853
0.363527
0.291689
0.0970393
0.0881186
0.135749
0.149883
0.0719233
0.106518
0.18788
0.387179
0.544921
0.574093
0.669512
0.504627
0.511557
0.409275
0.847673
0.944021
0.931881
0.725699
0.717454
0.71386
0.401616
0.35143
0.343883
0.749537
0.538875
0.585345
0.62876
0.657435
0.516842
0.369746
0.51345
0.463049
0.389584
0.532158
0.45209
0.0773239
0.657355
0.766825
0.767964
0.607498
0.595805
0.622815
0.603632
0.777745
0.58302
0.602715
0.409094
0.653208
0.387605
0.40292
0.475925
0.134868
0.323399
0.494387
0.0865291
0.436481
0.635726
0.146716
0.182837
0.631302
0.539527
0.34404
0.175929
0.295109
0.595731
0.124613
0.19018
0.280062
0.376731
0.592415
0.594752
0.349846
0.689652
0.879647
0.561584
0.754838
0.557902
0.535795
0.303624
0.494149
0.447858
0.280421
0.298415
0.523205
0.544509
0.498028
0.745378
0.750765
0.779149
0.851932
0.698419
0.732487
0.439745
0.436561
0.639985
0.67184
0.408746
0.281615
0.605414
0.827749
0.795658
0.804524
0.514607
0.207211
0.533175
0.62401
0.112515
0.653639
0.588537
0.516524
0.627675
0.837689
0.600151
0.530249
0.637005
0.655493
0.740198
0.270606
0.497657
0.582128
0.417664
0.410969
0.604296
0.60732
0.453153
0.403374
0.346708
0.501474
0.278498
0.106437
0.149024
0.10278
0.339986
0.545992
0.551667
0.325671
0.141425
0.216842
0.07949
0.486479
0.214283
0.354648
0.487998
0.497457
0.393142
0.70644
0.722583
0.425925
0.383054
0.413121
0.461948
0.297032
0.253408
0.433435
0.400109
0.322008
0.255594
0.428801
0.374542
0.206844
0.346492
0.225832
0.287916
0.216257
0.357284
0.0972458
0.0675294
0.23009
0.167456
0.0302197
0.238224
0.365827
0.111899
0.0343275
0.0924099
0.24146
0.0288675
0.314057
0.237758
0.47186
0.505781
0.311684
0.371212
0.413479
0.430514
0.414878
0.610707
0.316706
0.276964
0.606513
0.606819
0.168101
0.298642
0.638447
0.655654
0.33463
0.4668
0.786434
0.62249
0.653008
0.627322
0.699665
0.668715
0.562403
0.0778384
0.362848
0.465185
0.290977
0.113526
0.450649
0.328356
0.288366
0.388129
0.628782
0.260765
0.530464
0.472032
0.453024
0.455237
0.39207
0.323805
0.369035
0.414771
0.652789
0.639786
0.542176
0.43349
0.58328
0.468831
0.496922
0.597862
0.485185
0.367364
0.56102
0.521664
0.581548
0.407285
0.457053
0.324271
0.362922
0.253237
0.447807
0.348014
0.183446
0.351653
0.419689
0.248808
0.495698
0.141512
0.279673
0.209927
0.43953
0.561792
0.361857
0.189628
0.401706
0.287525
0.382593
0.335063
0.406188
0.362535
0.425947
0.481401
0.611217
0.325327
0.41732
0.588608
0.294999
0.351129
0.316543
0.387632
0.234204
0.526406
0.735543
0.455602
0.506032
0.72513
0.502901
0.409599
0.556823
0.528778
0.415786
0.383213
0.161683
0.0840195
0.248153
0.199826
0.526668
0.609307
0.68612
0.233139
0.128176
0.327163
