0.751542
0.770313
0.819933
0.704135
0.852075
0.646915
0.638883
0.291156
0.158529
0.083871
0.213448
0.332537
0.043893
0.090024
0.221565
0.0801704
0.0413256
0.276323
0.200648
0.0699973
0.26152
0.513603
0.107609
0.294936
0.22986
0.409904
0.451016
0.40216
0.490463
0.203461
0.582628
0.504057
0.274795
0.394734
0.613477
0.701439
0.62574
0.584135
0.560651
0.464429
0.543893
0.478711
0.185348
0.269392
0.622705
0.402737
0.368422
0.542972
0.372216
0.208738
0.283999
0.450237
0.225171
0.101898
0.29212
0.27156
0.840545
0.679284
0.519624
0.598547
0.783901
0.554541
0.369792
0.693103
0.617712
0.441129
0.462906
0.630898
0.570256
0.490136
0.545107
0.592027
0.576513
0.600348
0.374594
0.527852
0.460871
0.330319
0.471339
0.380385
0.209277
0.355877
0.596366
0.220245
0.114528
0.69099
0.725746
0.0631359
0.281553
0.253999
0.603138
0.287212
0.107407
0.587325
0.75026
0.487004
0.220647
0.626748
0.557605
0.392081
0.254849
0.330679
0.637792
0.278596
0.71303
0.666252
0.785153
0.606338
0.379543
0.465927
0.511118
0.402458
0.43622
0.623257
0.669533
0.6055
0.687575
0.663057
0.550046
0.501066
0.626919
0.851949
0.662727
0.79801
0.520191
0.473472
0.54833
0.406256
0.314653
0.359473
0.64502
0.355336
0.522907
0.720726
0.456099
0.431042
0.658525
0.586969
0.49736
0.321889
0.39125
0.363651
0.516486
0.653451
0.569207
0.541809
0.299532
0.456595
0.489481
0.307528
0.363348
0.54486
0.481812
0.458875
0.610106
0.467345
0.669338
0.670442
0.493346
0.668878
0.672908
0.608306
0.569044
0.728412
0.773522
0.856535
0.532879
0.57712
0.562127
0.619637
0.650293
0.501141
0.639275
0.631241
0.696895
0.459823
0.589074
0.442118
0.330845
0.5507
0.484187
0.413296
0.283458
0.480114
0.357116
0.250621
0.152383
0.486027
0.57595
0.21951
0.455858
0.182015
0.451774
0.689399
0.438928
0.542843
0.634216
0.606158
0.497837
0.503552
0.463341
0.516822
0.429875
0.47571
0.440377
0.411087
0.667227
0.573551
0.624427
0.779156
0.568189
0.686874
0.845394
0.814093
0.725846
0.830263
0.907182
0.482102
0.589433
0.723547
0.532625
0.626013
0.650536
0.331303
0.339059
0.280219
0.7308
0.625502
0.134297
0.292338
0.777596
0.700415
0.101071
0.0781246
0.470668
0.436071
0.706658
0.297439
0.273498
0.0650796
0.221583
0.111425
0.631533
0.0867724
0.0686394
0.334023
0.239332
0.133289
0.226723
0.648735
0.458035
0.31831
0.600029
0.571296
0.56883
0.560372
0.571544
0.574642
0.485642
0.556537
0.462427
0.489347
0.497758
0.246656
0.698075
0.519423
0.23
0.313753
0.697293
0.798828
0.791812
0.694672
0.397184
0.637254
0.62118
0.469429
0.516108
0.543496
0.428129
0.615659
0.470256
0.434225
0.169609
0.217047
0.257878
0.392133
0.22905
0.173876
0.208358
0.223708
0.385611
0.315982
0.395775
0.400117
0.382544
0.499814
0.518783
0.41486
0.504422
0.565033
0.4359
0.626139
0.56741
0.377737
0.451129
0.770424
0.571198
0.659788
0.662778
0.810723
0.518289
0.56819
0.875734
0.412295
0.771917
0.861818
0.351546
0.637013
0.720031
0.248469
0.409821
0.657236
0.896075
0.894381
0.928356
0.823394
0.878511
0.886568
0.918985
0.711063
0.508803
0.492129
0.644129
0.754036
0.696392
0.648239
0.0423533
0.296146
0.7231
0.706168
0.53752
0.709609
0.297773
0.594688
0.609151
0.514986
0.605424
0.719744
0.439667
0.181335
0.761225
0.680716
0.26526
0.455852
0.222541
0.0786567
0.334449
0.104021
0.302951
0.532393
0.407961
0.175878
0.69719
0.696922
0.318462
0.462821
0.722243
0.424872
0.415039
0.653393
0.58741
0.684709
0.836146
0.515033
0.560097
0.761657
0.494067
0.416569
0.637168
0.489332
0.28755
0.451955
0.240671
0.092283
0.415663
0.390692
0.0537936
0.109656
0.1295
0.623211
0.767802
0.38002
0.583964
0.496858
0.161391
0.177288
0.231088
0.548667
0.688617
0.338493
0.651681
0.356355
0.538574
0.418917
0.637086
0.414126
0.308602
0.537891
0.207926
0.539543
0.362619
0.365296
0.731772
0.84522
0.743571
0.564998
0.124661
0.57999
0.719693
0.352708
0.383953
0.218253
0.569596
0.450912
0.431433
0.187871
0.1027
0.224712
0.314515
0.62084
0.742802
0.65757
0.195923
0.136831
0.105545
0.142987
0.305361
0.279724
0.478582
0.752307
0.34531
0.182918
0.738398
0.535085
0.21682
0.101054
0.423086
0.356378
0.0773989
0.136995
0.260926
0.3519
0.206193
0.411601
0.455635
0.164865
0.438063
0.771328
0.138111
0.594216
0.607177
0.69083
0.62317
0.488822
0.513502
0.741432
0.839764
0.922542
0.799149
0.798339
0.666267
0.53497
0.56572
0.476667
0.443827
0.570112
0.439036
0.246612
0.498607
0.515266
0.431417
0.265708
0.616494
0.719739
0.260545
0.459632
0.75256
0.840218
0.829282
0.895398
0.513121
0.778339
0.843752
0.882189
0.777431
0.909901
0.752144
0.796664
0.879835
0.925073
0.893285
0.842106
0.548758
0.592725
0.335703
0.736527
0.597327
0.224914
0.650911
0.685449
0.416473
0.511028
0.357109
0.249125
0.429094
0.462441
0.13139
0.617599
0.454649
0.316664
0.847763
0.71246
0.583872
0.743772
0.913629
0.824878
0.914382
0.844905
0.63074
0.369134
0.462692
0.243209
0.338849
0.580866
0.509224
0.258459
0.602919
0.579027
0.421107
0.467172
0.644597
0.372868
0.177328
0.364614
0.437583
0.281187
0.505719
0.540652
0.637306
0.715971
0.820281
0.756262
0.474015
