0.109985
0.376431
0.465174
0.504424
0.440782
0.249498
0.48462
0.225031
0.333067
0.552275
0.544679
0.29174
0.411404
0.477605
0.266873
0.244616
0.310672
0.599164
0.649639
0.522331
0.376001
0.43154
0.684554
0.464739
0.548173
0.543009
0.243526
0.772593
0.913552
0.829366
0.576898
0.511093
0.567697
0.341654
0.339591
0.50906
0.356907
0.289451
0.298062
0.267883
0.551431
0.301181
0.398402
0.746319
0.781628
0.548678
0.741588
0.693585
0.311417
0.474419
0.383803
0.582201
0.371317
0.221557
0.617374
0.331296
0.271784
0.398531
0.332116
0.494748
0.347478
0.465969
0.582666
0.520538
0.699815
0.828825
0.502989
0.583025
0.432748
0.354323
0.226746
0.25317
0.222402
0.481383
0.478742
0.453765
0.614317
0.79529
0.81802
0.6017
0.63794
0.63739
0.715111
0.596994
0.439168
0.591887
0.589852
0.625666
0.460052
0.517111
0.614851
0.460195
0.220015
0.213561
0.20418
0.321839
0.204807
0.127848
0.265388
0.103678
0.068256
0.304728
0.162548
0.28983
0.337973
0.305705
0.277007
0.40112
0.579993
0.414198
0.660709
0.75944
0.669196
0.431724
0.650563
0.408323
0.425329
0.325619
0.117028
0.168758
0.160588
0.239759
0.520276
0.688177
0.603904
0.727241
0.504537
0.194808
0.545602
0.597914
0.21017
0.240577
0.400762
0.545524
0.245854
0.136195
0.0900705
0.185157
0.327811
0.115786
0.196743
0.261362
0.387533
0.51556
0.523513
0.571174
0.462222
0.530585
0.479944
0.636603
0.433357
0.534323
0.430786
0.265196
0.255154
0.251362
0.255952
0.161904
0.19615
0.122321
0.448017
0.574177
0.593018
0.714809
0.811901
0.686118
0.669522
0.61318
0.781748
0.557048
0.596586
0.552357
0.566111
0.280997
0.600072
0.331923
0.451437
0.391328
0.26886
0.264178
0.317892
0.663976
0.531849
0.638885
0.476558
0.454743
0.455432
0.41864
0.326649
0.488577
0.32413
0.423142
0.337488
0.388652
0.496014
0.247748
0.0610167
0.363278
0.435178
0.270835
0.324256
0.325977
0.446811
0.311645
0.445981
0.352049
0.64797
0.605698
0.261441
0.469528
0.513989
0.222819
0.220467
0.417561
0.357559
0.184642
0.252923
0.26988
0.381377
0.114358
0.368392
0.4981
0.199272
0.213851
0.286128
0.444764
0.209703
0.146348
0.364015
0.156462
0.5855
0.266976
0.203698
0.341444
0.340738
0.313297
0.312909
0.539585
0.424019
0.57695
0.576669
0.730041
0.522416
0.222328
0.319661
0.0735972
0.0997685
0.564017
0.20882
0.389852
0.500082
0.656956
0.604816
0.431458
0.361855
0.695427
0.567678
0.331566
0.514197
0.37313
0.250805
0.217048
0.18119
0.160446
0.103246
0.339157
0.358158
0.0481631
0.130301
0.142642
0.444265
0.283396
0.578982
0.301957
0.241468
0.430848
0.433435
0.488742
0.500182
0.47112
0.685901
0.449343
0.496982
0.767022
0.62705
0.776214
0.312903
0.12554
0.53124
0.173556
0.348485
0.243187
0.399312
0.384226
0.0987035
0.199086
0.425811
0.375247
0.272969
0.436529
0.439543
0.424994
0.266113
