0.446415
0.483353
0.715218
0.75664
0.532496
0.517224
0.675293
0.434505
0.303912
0.444863
0.262563
0.236909
0.192293
0.206333
0.160389
0.496641
0.403491
0.466239
0.32467
0.504015
0.446172
0.344747
0.645128
0.728019
0.883413
0.915811
0.915959
0.672057
0.76167
0.751925
0.752886
0.861588
0.725735
0.871455
0.824833
0.914933
0.672902
0.318866
0.377159
0.0924605
0.130529
0.0472835
0.523655
0.602391
0.7693
0.900085
0.53687
0.88439
0.739887
0.778641
0.747348
0.726076
0.502513
0.41596
0.799854
0.72035
0.630265
0.744287
0.777551
0.851551
0.748805
0.765408
0.85897
0.80755
0.649288
0.683435
0.504926
0.600277
0.359566
0.443519
0.354137
0.402537
0.242619
0.319435
0.184186
0.353749
0.414877
0.757404
0.817645
0.562497
0.716796
0.500779
0.35593
0.796053
0.55943
0.641983
0.579166
0.631264
0.711516
0.212905
0.762555
0.73744
0.828433
0.815768
0.517484
0.359213
0.727401
0.867079
0.788118
0.868989
0.902941
0.908503
0.904831
0.905535
0.853606
0.733887
0.618738
0.719596
0.84256
0.889633
0.875179
0.904508
0.901056
0.78052
0.857295
0.438732
0.503747
0.820701
0.501179
0.463495
0.425474
0.807594
0.618008
0.414629
0.301213
0.635659
0.0330437
0.0953113
0.309619
0.470111
0.262943
0.184739
0.486693
0.432205
0.410973
0.484873
0.498289
0.408934
0.33362
0.601204
0.532762
0.347129
0.283466
0.774773
0.59795
0.780975
0.718128
0.493648
0.729609
0.31613
0.468755
0.307282
0.486038
0.710223
0.676003
0.421298
0.680696
0.744593
0.50461
0.310564
0.660479
0.70858
0.311604
0.394165
0.593215
0.482132
0.141706
0.524575
0.482012
0.19417
0.56515
0.397587
0.214089
0.106217
0.544462
0.594327
0.0970228
0.284827
0.766941
0.401626
0.0727247
0.35573
0.609386
0.100889
0.0619371
0.114163
0.107181
0.210025
0.535741
0.472948
0.315907
0.355735
0.153775
0.0893269
0.466022
0.616876
0.623284
0.718244
0.794885
0.766291
0.893344
0.882411
0.870646
0.578757
0.755122
0.468948
0.421292
0.158126
0.421757
0.26252
0.661313
0.32033
0.536565
0.219741
0.406759
0.842243
0.881742
0.776243
0.766719
0.768146
0.685023
0.393335
0.775388
0.241828
0.470165
0.379004
0.597664
0.719332
0.853937
0.515111
0.591393
0.823987
0.827141
0.745227
0.492633
0.75996
0.856719
0.704885
0.344156
0.313721
0.372749
0.533563
0.435234
0.227683
0.436856
0.563102
0.322329
0.241558
0.206617
0.283131
0.306794
0.106137
0.154051
0.140438
0.328746
0.545598
0.709837
0.604697
0.410345
0.341108
0.619789
0.503385
0.189956
0.301179
0.604784
0.345042
0.285509
0.866469
0.668588
0.379391
0.755058
0.772444
0.549532
0.7506
0.730835
0.60683
0.302845
0.50176
0.564909
0.226142
0.532505
0.474593
0.537197
0.307212
0.558111
0.2595
0.265358
0.594925
0.335851
0.17677
0.363958
0.429002
0.421672
0.191199
0.474096
0.606605
0.27449
0.332365
0.224412
0.178518
0.0523468
