0.38378
0.332263
0.612939
0.777326
0.617502
0.311909
0.0838243
0.0663864
0.378745
0.563735
0.724746
0.476624
0.346891
0.362086
0.392255
0.481765
0.423304
0.443656
0.43518
0.268689
0.281341
0.23814
0.363868
0.185575
0.416596
0.669461
0.155497
0.451549
0.408672
0.635589
0.605887
0.464161
0.72331
0.572084
0.686181
0.645068
0.399962
0.313082
0.360503
0.389623
0.719935
0.551284
0.793217
0.588828
0.181073
0.0381832
0.397396
0.37109
0.248966
0.341131
0.485326
0.279822
0.349837
0.39916
0.104455
0.47453
0.500876
0.418624
0.533165
0.673397
0.509182
0.856535
0.777703
0.563808
0.518593
0.690776
0.426743
0.424659
0.709924
0.38418
0.778463
0.489027
0.441672
0.0515082
0.199673
0.650007
0.496415
0.43888
0.77829
0.464248
0.749432
0.144571
0.106856
0.596039
0.255186
0.292064
0.210832
0.12102
0.333004
0.508756
0.230483
0.245315
0.23389
0.100051
0.357898
0.138526
0.140924
0.491256
0.561167
0.501316
0.624241
0.41269
0.338934
0.583584
0.233679
0.134454
0.375536
0.369497
0.114806
0.235603
0.48697
0.297043
0.682151
0.391454
0.407868
0.393168
0.345982
0.322906
0.350885
0.543285
0.432432
0.504821
0.632694
0.533049
0.456643
0.691708
0.548258
0.603966
0.425976
0.607239
0.673241
0.67766
0.84209
0.50632
0.754369
0.46675
0.784501
0.571031
0.315801
0.683136
0.506907
0.51601
0.783769
0.847246
0.472382
0.484778
0.512725
0.634985
0.735183
0.846579
0.648498
0.886727
0.670971
0.74911
0.627474
0.643802
0.47546
0.323932
0.426426
0.314642
0.443569
0.253802
0.35789
0.328336
0.368486
0.560809
0.744056
0.3961
0.634306
0.813556
0.662317
0.561539
0.646086
0.841945
0.397432
0.180787
0.356105
0.379243
0.322948
0.64792
0.321319
0.627759
0.5451
0.917777
0.674865
0.585156
0.409765
0.17873
0.435795
0.26284
0.384098
0.147652
0.31618
0.356589
0.0474829
0.0812421
0.327531
0.22225
0.0351877
0.0473333
0.11813
0.187324
0.305257
0.291442
0.447467
0.557819
0.324403
0.737148
0.87748
0.711901
0.807815
0.443119
0.497641
0.351139
0.210508
0.0722232
0.425309
0.397679
0.145407
0.462857
0.738005
0.477449
0.378224
0.818036
0.699922
0.311977
0.611126
0.798847
0.374687
0.553277
0.459197
0.392135
0.607473
0.540225
0.404417
0.810454
0.33374
0.769665
0.796558
0.691253
0.580009
0.606607
0.653547
0.465013
0.247469
0.771398
0.743016
0.35061
0.489971
0.700781
0.464533
0.222549
0.397184
0.53056
0.428322
0.562442
0.594725
0.64319
0.47977
0.563491
0.606116
0.462985
0.745776
0.732336
0.747415
0.465567
0.477386
0.71373
0.688633
0.555427
0.78735
0.575105
0.740422
0.608202
0.336069
0.485074
0.521857
0.637604
0.624839
0.596567
0.572381
0.587187
0.549346
0.830576
0.568886
0.703949
0.657147
0.451446
0.441192
