0.808509
0.795611
0.802796
0.755653
0.756068
0.755808
0.806297
0.684903
0.761334
0.725944
0.802896
0.418375
0.490296
0.446052
0.346919
0.261747
0.454244
0.643115
0.776384
0.838598
0.69424
0.730034
0.683839
0.671778
0.233696
0.234512
0.0386046
0.0577547
0.0444727
0.135899
0.0468996
0.135271
0.123517
0.322562
0.129207
0.34878
0.414127
0.587946
0.248982
0.629654
0.56566
0.60712
0.526742
0.859034
0.642007
0.862001
0.369464
0.81061
0.835244
0.86068
0.842433
0.608611
0.262296
0.646557
0.433214
0.381891
0.181806
0.352989
0.509236
0.218137
0.236269
0.200998
0.694373
0.646253
0.469614
0.434257
0.713953
0.822154
0.821496
0.610552
0.541486
0.307455
0.182457
0.0986597
0.58573
0.483518
0.0254723
0.323575
0.76359
0.265525
0.155342
0.529872
0.44777
0.175503
0.0466195
0.341167
0.411882
0.511226
0.519523
0.396517
0.320478
0.660335
0.869296
0.840025
0.491443
0.382364
0.613797
0.830407
0.559857
0.531893
0.359548
0.664232
0.461358
0.847866
0.353579
0.697957
0.728597
0.822307
0.951192
0.756933
0.844555
0.43719
0.289822
0.191893
0.129287
0.362596
0.390814
0.291204
0.145004
0.294717
0.469645
0.285621
0.266325
0.113132
0.251044
0.447629
0.574217
0.256806
0.395083
0.322697
0.182613
0.366402
0.250179
0.19525
0.0587233
0.121527
0.133937
0.215706
0.245073
0.217945
0.0464511
0.104287
0.175264
0.0304346
0.0350209
0.102627
0.114712
0.0809788
0.325468
0.399938
0.334095
0.388354
0.199491
0.149868
0.448515
0.252157
0.632391
0.480716
0.38589
0.650216
0.652223
0.66788
0.454182
0.328043
0.185788
0.358632
0.246366
0.199964
0.284979
0.282853
0.11289
0.108254
0.288773
0.0928819
0.408496
0.121439
0.0725995
0.178118
0.42659
0.139909
0.294457
0.502631
0.518304
0.207016
0.235561
0.606805
0.562669
0.436269
0.317943
0.384996
0.462622
0.369727
0.497155
0.391114
0.629126
0.501189
0.680316
0.378359
0.325596
0.377317
0.385453
0.385377
0.417702
0.505454
0.353355
0.230788
0.46307
0.121163
0.501294
0.759331
0.254937
0.577268
0.0646204
0.623516
0.567231
0.789411
0.576928
0.892138
0.749745
0.564273
0.751347
0.648234
0.65172
0.760864
0.481317
0.672302
0.456222
0.250702
0.458633
0.426894
0.287337
0.508276
0.427443
0.509056
0.783639
0.639671
0.49152
0.681745
0.548485
0.607647
0.61621
0.575514
0.857371
0.892002
0.875678
0.579639
0.576833
0.686484
0.43677
0.5326
0.332224
0.555987
0.596755
0.608683
0.600971
0.744911
0.730363
0.825805
0.837768
0.819338
0.816172
0.722425
0.271742
0.338625
0.310069
0.253628
0.140049
0.483786
0.42154
0.522182
0.364854
0.468969
0.259155
0.577623
0.170022
0.377076
0.338003
0.492526
0.192651
0.10413
0.351291
0.354585
0.296685
0.158243
0.136349
0.0811808
0.201667
0.493985
0.541082
0.647627
0.837911
0.625901
0.486999
0.219765
0.565272
0.543887
0.365702
0.293367
0.534454
0.617498
0.372307
0.468986
0.591801
0.488192
0.400877
0.672304
0.358363
0.54522
0.744484
0.721359
0.522984
0.533471
0.61188
0.745403
0.457338
0.59602
0.51521
0.315176
0.206563
0.329715
0.296549
0.308817
0.49142
0.504828
0.631519
0.502558
0.357776
0.419812
0.493303
0.332893
0.425449
0.166577
0.352614
0.333074
0.280478
0.0953064
0.0850312
0.362318
0.359499
0.090447
0.119888
0.492665
0.215615
0.105156
0.418757
0.275695
0.590312
0.539584
0.427967
0.367904
0.600799
0.243575
0.297948
0.485743
0.381707
0.465969
0.228367
0.154364
0.0426496
0.339137
0.146435
0.0586657
0.151277
0.202641
0.0388992
0.198479
0.514756
0.21185
0.0451065
0.273998
0.0877618
0.487567
0.529889
0.438601
0.255561
0.217824
0.178113
0.376891
0.438627
0.557144
0.220146
0.0474219
0.112347
0.291869
0.194155
0.0847162
0.0482782
0.135476
0.0429611
0.0503406
0.131732
0.0887983
