0.395778
0.574979
0.856726
0.533374
0.289142
0.672294
0.861897
0.403929
0.227597
0.866324
0.582329
0.498894
0.737431
0.677452
0.653158
0.688523
0.713039
0.56996
0.767442
0.687314
0.846881
0.751446
0.463447
0.468593
0.75321
0.168957
0.332075
0.418293
0.434708
0.449437
0.690734
0.44773
0.403682
0.713745
0.597112
0.462239
0.414664
0.779192
0.464064
0.365464
0.598587
0.458926
0.558225
0.515978
0.408205
0.348869
0.586922
0.438953
0.426358
0.244327
0.195223
0.341976
0.196253
0.142639
0.211245
0.249314
0.617153
0.590753
0.515223
0.637285
0.630674
0.298632
0.41022
0.583373
0.732992
0.331536
0.282261
0.647916
0.469614
0.167471
0.201531
0.655948
0.501121
0.380532
0.640688
0.402189
0.363663
0.617751
0.422478
0.11135
0.117064
0.774088
0.732188
0.422951
0.339691
0.53596
0.790307
0.649729
0.41485
0.784551
0.818879
0.521212
0.458384
0.814942
0.420248
0.577592
0.568694
0.734428
0.648113
0.187516
0.838915
0.717622
0.426545
0.817761
0.785241
0.563717
0.409451
0.860356
0.824164
0.537993
0.391726
0.288942
0.575923
0.714605
0.760853
0.850984
0.707885
0.726901
0.755773
0.228034
0.399721
0.215473
0.495505
0.772913
0.566621
0.450477
0.60167
0.722824
0.382776
0.431031
0.446022
0.600288
0.209794
0.535517
0.433343
0.474669
0.336307
0.50757
0.412047
0.309297
0.234121
0.257161
0.300688
0.279675
0.221524
0.22143
0.540848
0.864304
0.830704
0.362466
0.914433
0.916271
0.885354
0.866502
0.943666
0.885812
0.857395
0.240463
0.234943
0.866601
0.0954061
0.407989
0.663955
0.849027
0.494212
0.416554
0.876758
0.746456
0.57864
0.784633
0.825917
0.393025
0.524667
0.782204
0.614384
0.558736
0.445848
0.462566
0.275521
0.291654
0.52415
0.242494
0.486716
0.351672
0.25294
0.6098
0.526744
0.463904
0.221906
0.193552
0.595268
0.243867
0.473657
0.331202
0.0986663
0.517657
0.070629
0.259019
0.316739
0.585359
0.526194
0.441347
0.335866
0.304743
0.493746
0.253499
0.48628
0.194099
0.391773
0.569238
0.228248
0.262252
0.21655
0.490195
0.159135
0.304497
0.475732
0.40534
0.233908
0.162844
0.62661
0.367547
0.172648
0.415121
0.368877
0.0803546
0.213004
0.461137
0.294722
0.714195
0.607238
0.789591
0.699205
0.663835
0.425636
0.47059
0.331226
0.527729
0.567478
0.325317
0.208178
0.334142
0.105918
0.549861
0.632742
0.687404
0.862286
0.848605
0.903488
0.911303
0.607686
0.603956
0.654877
0.445714
0.297742
0.174733
0.176514
0.29169
0.403245
0.362675
0.66839
0.752541
0.422736
0.47873
0.776984
0.613875
0.923675
0.575768
0.524464
0.804236
0.511229
0.431444
0.562509
0.434949
0.294623
0.336005
0.295025
0.391505
0.439496
0.521502
0.545971
0.872763
0.937475
0.631683
0.799133
0.539535
0.656713
0.670405
0.891232
0.743018
0.854431
0.663623
0.775956
0.89672
0.806809
0.441775
0.758779
0.613235
0.500533
0.559947
0.436265
0.385879
0.115993
0.0971441
0.129696
0.435229
0.692048
0.651835
0.739055
0.572958
0.818772
0.643348
0.806022
0.840054
0.383115
0.769687
0.6204
0.858261
0.69616
0.68315
0.728654
0.607584
0.666188
0.737835
0.719534
0.512689
0.534665
0.475985
0.501691
0.724492
0.748457
0.543621
0.638325
0.598166
0.385281
0.424618
0.251278
0.618221
0.461535
0.472619
0.629341
0.33996
0.201678
0.623239
0.605712
0.382043
0.414556
0.411841
0.162763
0.810753
0.30013
0.32769
0.875762
0.302662
0.440691
0.865267
0.705935
0.495632
0.7009
0.640628
0.80288
0.503288
0.667973
0.461117
0.79908
0.917231
0.670151
0.811598
0.430526
0.888629
0.7901
0.738673
0.636801
0.57769
0.856257
0.781198
0.772755
0.700454
0.753325
0.448216
0.521578
0.329759
0.244124
0.205212
0.42024
0.820439
0.518916
0.634039
0.635625
0.620199
0.550785
0.432377
0.419281
0.496072
0.431486
0.216342
0.646003
0.59987
0.4641
0.296074
0.786913
0.650067
0.639815
0.715662
0.681102
0.689888
0.47277
0.408659
0.442215
0.238985
0.850265
0.605325
0.75296
0.829128
0.953854
0.915447
0.860982
0.57005
0.663356
0.39802
0.618911
0.286293
0.60921
0.504996
0.258733
0.13447
0.261012
0.420147
0.518013
0.598755
0.793437
0.469541
0.61226
0.657667
0.609357
0.561071
0.734488
0.647206
0.831072
0.863434
0.813651
0.794242
0.751737
0.722683
0.751442
0.577204
0.632463
0.67265
0.484527
0.0807805
0.523276
0.505893
0.284308
0.384267
0.659333
0.473057
0.442888
0.298253
0.487466
0.157428
0.254371
0.145054
0.304374
0.0554297
0.301746
0.446826
0.152975
0.560645
0.741618
0.648584
0.38333
0.719151
0.744735
0.498228
0.630166
0.47884
0.32509
0.679276
0.397527
0.426378
0.275758
0.482896
0.575898
0.459235
0.366981
0.446133
0.529747
0.428493
0.659308
0.525765
0.6556
0.392145
0.628974
0.659588
0.403167
0.571196
0.678657
0.684829
0.766565
0.861477
0.920194
0.716691
0.663962
0.730298
0.839071
0.788004
0.768294
0.88689
0.647203
0.692825
0.670299
0.81732
0.768178
0.285671
0.482836
0.111963
0.141958
0.512286
0.790603
0.608305
0.151026
0.315259
0.362858
0.584396
0.706023
0.455917
0.57277
0.67994
0.274571
0.355524
0.31205
0.0978599
0.311353
0.224501
0.128162
0.083351
0.49198
0.0917485
0.0899264
0.382922
0.46664
0.413692
0.726803
0.267789
0.271236
0.411152
0.307738
0.529048
0.44441
0.63147
0.310423
0.450454
0.250881
0.20749
0.229649
0.731839
0.649194
0.75532
0.380584
0.30187
0.517713
0.174051
0.300863
0.473054
0.322244
0.220479
0.44363
0.511744
0.305634
0.39868
0.526028
0.305848
0.450566
0.56111
0.193768
0.327614
