0.400581
0.502015
0.254255
0.333749
0.282028
0.438407
0.356705
0.395427
0.678025
0.320786
0.587744
0.911729
0.644345
0.56917
0.705982
0.432971
0.54149
0.259682
0.125381
0.0522563
0.0814505
0.362883
0.411735
0.423728
0.115334
0.251846
0.501594
0.498767
0.59042
0.601518
0.61282
0.565535
0.530229
0.765123
0.629678
0.683431
0.700972
0.702178
0.856666
0.811166
0.605909
0.693915
0.822718
0.479476
0.492671
0.656178
0.385765
0.509577
0.880953
0.534371
0.612288
0.795708
0.767717
0.631902
0.563676
0.507089
0.553756
0.428548
0.673216
0.752007
0.425689
0.574021
0.60057
0.517889
0.802684
0.888972
0.494269
0.652184
0.181686
0.283224
0.264448
0.313549
0.379003
0.551349
0.482085
0.573904
0.851303
0.78042
0.755017
0.782641
0.858861
0.727804
0.685934
0.663628
0.689689
0.429607
0.22651
0.791238
0.5414
0.318292
0.515307
0.641821
0.612553
0.721019
0.869021
0.741938
0.77711
0.741783
0.686189
0.382958
0.611725
0.591594
0.57664
0.337872
0.664926
0.572964
0.724149
0.69857
0.653534
0.694594
0.678217
0.563367
0.309424
0.368521
0.465623
0.677597
0.654114
0.630897
0.327715
0.500544
0.500117
0.511455
0.442875
0.52295
0.600353
0.370239
0.667742
0.860823
0.520822
0.882253
0.50318
0.456549
0.777097
0.69614
0.36655
0.161787
0.122347
0.581224
0.446186
0.106911
0.412523
0.58893
0.31628
0.221447
0.539734
0.352527
0.229871
0.462956
0.316558
0.319863
0.310479
0.482206
0.356585
0.249742
0.370444
0.566805
0.628943
0.267834
0.522791
0.601528
0.42884
0.499886
0.785397
0.721362
0.562814
0.508014
0.717608
0.480719
0.609345
0.377635
0.302789
0.274586
0.385182
0.340144
0.453744
0.402156
0.606454
0.753412
0.68897
0.672594
0.856501
0.866723
0.644568
0.81462
0.874111
0.760322
0.874786
0.862246
0.896801
0.729886
0.837157
0.650237
0.788414
0.227671
0.482117
0.598952
0.31818
0.436035
0.630322
0.644986
0.625263
0.628051
0.897274
0.864474
0.788734
0.794523
0.810318
0.846217
0.516038
0.591914
0.877321
0.850833
0.896724
0.649914
0.605236
0.65101
0.380513
0.493349
0.463132
0.563478
0.46386
0.446292
0.320141
0.532513
0.629889
0.199178
0.38963
0.0684219
0.0597783
0.232392
0.208526
0.61944
0.462474
0.743508
0.812561
0.848047
0.801095
0.908591
0.805323
0.80817
0.859206
0.790201
0.501411
0.44355
0.367583
0.534429
0.622072
0.391506
0.193109
0.504668
0.74554
0.434828
0.245439
0.591045
0.827881
0.651723
0.91729
0.633326
0.823914
0.701623
0.824844
0.669553
0.66822
0.329918
0.23519
0.128081
0.212241
0.34036
0.538851
0.322604
0.155075
0.230481
0.577431
0.476372
0.186296
0.0959053
0.0755566
0.348493
0.174114
0.204518
0.50408
0.559899
0.302483
0.492448
0.66495
0.346188
0.323525
0.702133
0.654095
0.432279
0.413645
0.746276
0.536744
0.419731
0.81857
0.691061
0.544096
0.852199
0.499254
0.683536
0.307542
0.212473
0.435337
0.434135
0.154798
0.271071
0.190692
0.335418
0.103034
0.293089
0.377761
0.28135
0.124498
0.145359
0.295465
0.0699201
0.092613
0.192946
0.220166
0.371821
0.322509
0.0989437
0.711297
0.585638
0.148295
0.568128
0.837537
0.496826
0.421437
0.495436
0.721577
0.0893261
0.351893
0.72513
0.3286
0.0972485
0.718355
0.773104
0.508355
0.310766
0.350637
0.647387
0.514527
0.401923
0.25919
0.613426
0.522599
0.475961
0.388843
0.635042
0.50047
0.460722
0.471503
0.366967
0.334066
0.674953
0.4802
0.41825
0.678494
0.847016
0.546993
0.486343
0.518362
0.86371
0.87576
0.923176
0.68705
0.261498
0.761012
0.761761
0.403638
0.44648
0.798111
0.506398
0.066811
0.50488
0.538782
0.442995
0.270482
0.468722
0.436821
0.178872
0.572197
0.268065
0.46541
0.517502
0.378796
0.399662
0.507489
0.392957
0.233814
0.41151
0.448693
0.11602
0.339969
0.126925
0.345174
0.400603
0.162917
0.31864
0.422198
0.393303
0.209395
0.331752
0.356626
0.713265
0.460234
0.798622
0.348336
0.200833
0.435482
0.369276
0.139452
0.138305
0.3999
0.350117
0.0952294
0.104135
0.0699849
0.106866
0.0244263
0.0511985
0.206294
0.0407539
0.0117684
0.0480518
