0.386896
0.492077
0.499333
0.451249
0.527722
0.454455
0.567551
0.613222
0.454686
0.44679
0.58194
0.42997
0.511065
0.429526
0.425166
0.514636
0.510519
0.473184
0.599467
0.708618
0.297297
0.288735
0.373071
0.412824
0.151573
0.200398
0.416241
0.281621
0.0852634
0.185354
0.39236
0.487289
0.0821587
0.0916796
0.512998
0.0572701
0.442761
0.123109
0.233226
0.612773
0.0512473
0.101466
0.478223
0.202194
0.212452
0.270149
0.36743
0.117725
0.12242
0.164521
0.194233
0.278756
0.18245
0.124399
0.225508
0.1384
0.290858
0.336822
0.261246
0.234963
0.463288
0.36671
0.45334
0.378005
0.554882
0.34445
0.471203
0.501688
0.473387
0.471065
0.574723
0.416598
0.394233
0.683537
0.652339
0.726858
0.745576
0.579946
0.57564
0.358311
0.487062
0.622241
0.591876
0.444016
0.307526
0.277719
0.504341
0.32394
0.245274
0.111572
0.453459
0.303824
0.538923
0.335623
0.445202
0.421209
0.389333
0.381497
0.327763
0.17441
0.329015
0.212642
0.130158
0.241639
0.146175
0.0995773
0.234554
0.261973
0.0902612
0.0894201
0.347598
0.113546
0.431619
0.353294
0.509418
0.513332
0.356658
0.157227
0.393785
0.466349
0.181891
0.133371
0.281865
0.376141
0.0768619
0.185897
0.297771
0.159765
0.170219
0.344494
0.19325
0.0602334
0.499494
0.528415
0.14794
0.222896
0.474278
0.357414
0.106592
0.305964
0.221323
0.118765
0.098007
0.134727
0.0443982
0.457485
0.319963
0.0596353
0.381193
0.466388
0.10708
0.164303
0.323473
0.140256
0.0486355
0.0902466
