0.263248
0.193394
0.236935
0.549977
0.472993
0.685368
0.632082
0.452952
0.570256
0.333606
0.213644
0.2011
0.263928
0.296248
0.102764
0.206614
0.366792
0.106788
0.116552
0.124691
0.0378825
0.250127
0.0554136
0.269812
0.326614
0.325035
0.62009
0.570632
0.535978
0.798904
0.742224
0.810731
0.578062
0.516165
0.78415
0.473865
0.28987
0.24266
0.292984
0.273233
0.41539
0.48597
0.577964
0.785167
0.725142
0.739308
0.603856
0.565936
0.839898
0.706326
0.407706
0.490042
0.696985
0.445399
0.342465
0.415258
0.326223
0.525202
0.600014
0.236374
0.797158
0.458239
0.687842
0.929099
0.895927
0.784163
0.773573
0.570306
0.757759
0.485035
0.763682
0.409748
0.340166
0.400031
0.228296
0.274739
0.358187
0.0279222
0.275767
0.506308
0.747809
0.657407
0.809202
0.685195
0.866368
0.728316
0.387551
0.594152
0.686243
0.578859
0.640388
0.644407
0.568734
0.643735
0.7679
0.655858
0.631454
0.660561
0.608332
0.744841
0.82326
0.628709
0.715146
0.867539
0.812284
0.671394
0.653298
0.548886
0.58625
0.581218
0.497208
0.490171
0.582564
0.387311
0.362342
0.260962
0.0799689
0.475215
0.584508
0.548776
0.702626
0.508537
0.55486
0.823504
0.668052
0.80011
0.879511
0.854612
0.875218
0.587728
0.291432
0.838439
0.294277
0.458787
0.241021
0.503838
0.763772
0.839286
0.727998
0.855852
0.820975
0.808595
0.473264
0.637674
0.588571
0.580805
0.162944
0.287795
0.742906
0.65854
0.0863295
0.321517
0.795889
0.0820407
0.655872
0.293092
0.177587
0.297136
0.235402
0.839927
0.882347
0.718035
0.877936
0.888853
0.713905
0.494427
0.307462
0.786426
0.682706
0.180162
0.394304
0.655441
0.104889
0.337209
0.219471
0.572218
0.515249
0.615487
0.734506
0.366362
0.304976
0.445934
0.599473
0.0961078
0.32059
0.183778
0.610219
0.556928
0.384385
0.496784
0.603211
0.84052
0.93031
0.9468
0.912405
0.910083
0.469408
0.603138
0.710357
0.41039
0.345388
0.671682
0.558572
0.213752
0.213471
0.156246
0.429369
0.361162
0.0884709
0.236027
0.101611
0.155953
0.168434
0.38673
0.275449
0.654232
0.251471
0.445676
0.487029
0.653117
0.852726
0.915572
0.550106
0.217632
0.4099
0.429439
0.0741596
0.476579
0.2642
0.127518
0.422082
0.581119
0.238509
0.0753708
0.455559
0.239744
0.0453623
0.0730516
0.087765
0.102712
0.339985
0.497166
0.386692
0.763062
0.516402
0.675787
0.687821
0.669034
0.347077
0.588325
0.509709
0.50133
0.609831
0.353188
0.431827
0.614164
0.429859
0.738982
0.667492
0.430237
0.532648
0.611946
0.322877
0.592309
0.79746
0.777912
0.706506
0.6221
0.676996
0.651047
0.681099
0.751891
0.635938
0.747058
0.512029
0.409628
0.448975
0.484504
0.1829
0.360105
0.406493
0.19822
0.207929
0.313621
0.397754
0.205192
0.204027
0.265214
0.472117
0.143203
0.0488862
0.258281
