0.486022
0.372124
0.655136
0.473417
0.232497
0.583611
0.68727
0.397307
0.385901
0.336272
0.147209
0.453214
0.54769
0.409294
0.578082
0.556387
0.426916
0.24581
0.502438
0.361185
0.351571
0.327797
0.244034
0.277611
0.367787
0.127503
0.354392
0.130261
0.44874
0.137457
0.0948492
0.230919
0.32885
0.0649239
0.211269
0.213044
0.159563
0.076577
0.377474
0.289948
0.0463033
0.189638
0.413104
0.114707
0.180645
0.436584
0.108082
0.180276
0.413199
0.334203
0.187562
0.492648
0.517806
0.216684
0.487691
0.516625
0.234233
0.222412
0.255473
0.340015
0.456748
0.50478
0.628802
0.607222
0.864517
0.792991
0.809339
0.567778
0.707794
0.810658
0.722292
0.658814
0.520329
0.47467
0.426274
0.514268
0.482392
0.402189
0.142305
0.192892
0.312242
0.148347
0.266887
0.0622025
0.0687895
0.355845
0.423137
0.546051
0.337293
0.519188
0.646148
0.706796
0.678875
0.648024
0.440944
0.34953
0.157435
0.352889
0.605593
0.256859
0.370854
0.509143
0.692397
0.694334
0.649669
0.496879
0.585349
0.654797
0.370198
0.383901
0.585111
0.328174
0.330883
0.548952
0.0660962
0.203605
0.200918
0.101936
0.401848
0.50517
0.732861
0.789179
0.545003
0.575916
0.618871
0.648963
0.43166
0.342805
0.654666
0.661951
0.636849
0.395462
0.215974
0.537085
0.166033
0.608327
0.604832
0.222878
0.284479
0.216819
0.316339
0.33137
0.428835
0.229935
0.517614
0.403938
0.250406
0.396829
0.514925
0.317254
0.206922
0.658367
0.431544
0.195136
0.490437
0.540063
0.273231
0.132229
0.40674
0.36416
0.439398
0.462174
0.539414
0.38312
0.599978
0.188602
0.617873
0.589066
0.544731
0.576663
0.318165
0.500769
0.222997
0.207321
0.608224
0.502266
0.129354
0.658406
0.756135
0.207074
0.254997
0.675384
0.324693
0.074743
0.202523
0.0993836
0.138635
0.684119
0.26847
0.733953
0.88171
0.873003
0.772038
0.489792
0.43772
0.643152
0.641319
0.402931
0.575245
0.662964
0.308198
0.2119
0.660387
0.222561
0.26939
0.722257
0.422041
0.150461
0.288371
0.666719
0.320444
0.280039
0.414212
0.495026
0.340842
0.338596
0.266851
0.227311
0.228186
0.206026
0.250875
0.412663
0.528423
0.527829
0.438783
0.295854
0.269742
0.379047
0.289363
0.435451
0.726943
0.468218
0.334606
0.275435
0.312509
0.421673
0.488929
0.450456
0.36051
0.455548
0.514627
0.362515
0.408921
0.360087
0.251469
0.271126
0.327491
0.126045
0.332929
0.214924
0.411398
0.264112
0.775204
0.819628
0.706838
0.892382
0.76314
0.844986
0.71139
0.815631
0.554959
0.453845
0.725538
0.512062
0.678853
0.434158
