0.373071
0.14934
0.610509
0.327183
0.325418
0.170633
0.379969
0.502947
0.230309
0.247176
0.367515
0.51963
0.192763
0.312178
0.351498
0.2059
0.275019
0.356235
0.197549
0.118859
0.207968
0.259518
0.0814428
0.148362
0.259552
0.407447
0.411148
0.801166
0.433617
0.627244
0.406473
0.67636
0.422783
0.492131
0.524621
0.360814
0.200687
0.141692
0.412861
0.410365
0.459631
0.778547
0.592881
0.741067
0.383974
0.280872
0.33229
0.224437
0.746753
0.853153
0.760226
0.807011
0.931823
0.544032
0.669353
0.579618
0.855581
0.450586
0.895169
0.751703
0.864843
0.898726
0.82856
0.79334
0.724736
0.811346
0.646543
0.630818
0.492734
0.653464
0.271386
0.38373
0.275443
0.414549
0.117973
0.387468
0.411338
0.387226
0.45481
0.19758
0.25494
0.36166
0.425913
0.25295
0.364158
0.132257
0.429814
0.502061
0.42906
0.426855
0.256522
0.185149
0.219807
0.386964
0.56409
0.756192
0.817524
0.772995
0.777311
0.394638
0.664038
0.0862698
0.211894
0.360473
0.179113
0.518375
0.40754
0.32562
0.341104
0.635672
0.35102
0.719847
0.844555
0.682595
0.712029
0.46425
0.161052
0.470753
0.267528
0.367028
0.355083
0.25175
0.224717
0.416305
0.406644
0.131191
0.356389
0.177035
0.389281
0.526324
0.320015
0.313237
0.771637
0.755761
0.348524
0.508975
0.768671
0.503714
0.650828
0.188003
0.521393
0.758279
0.896062
0.715081
0.884529
0.631997
0.90839
0.575696
0.414942
0.867781
0.369442
0.508014
0.157564
0.503482
0.296244
0.39684
0.0930236
0.292409
0.0553191
0.0889813
0.305626
0.317845
0.150333
0.409542
0.188517
0.0785542
0.124628
0.626787
0.221928
0.439696
0.888373
0.33661
0.86754
0.459315
0.15204
0.452968
0.493956
0.816451
0.868108
0.89417
0.587092
0.918195
0.759689
0.663116
0.667781
0.889148
0.400511
0.415575
0.738832
0.552943
0.490648
0.335946
0.355196
0.288349
0.616651
0.476244
0.782084
0.828183
0.67121
0.839507
0.312427
0.303725
0.23279
0.106052
0.226642
0.45005
0.231839
0.2127
0.348426
0.595298
0.45573
0.836649
0.795998
0.411558
0.075085
0.215665
0.520206
0.440901
0.343301
0.442826
0.67779
0.66718
0.364451
0.646988
0.515622
0.199913
0.31655
0.46192
0.204354
0.144559
0.116933
0.470643
0.34234
0.774352
0.360182
0.137789
0.289135
0.269
0.247747
0.643616
0.723588
0.825948
0.904541
0.511987
0.563189
0.120061
0.367021
0.878796
0.884322
0.89453
0.860711
0.809775
0.840496
0.868332
0.860134
0.847718
0.730914
0.6075
0.308324
0.505822
0.679078
0.715101
0.747553
0.713292
0.685499
0.605138
0.514324
0.833077
0.678133
0.90362
0.572745
0.512406
0.630595
0.77105
0.403148
0.474549
0.618992
0.571086
0.648207
0.525869
0.557989
0.431004
0.787678
0.563727
0.694189
0.342744
0.308484
0.400762
0.291903
0.115118
0.0350683
0.20986
0.189571
0.483153
0.717527
0.309721
0.43667
0.430219
0.364614
0.278739
0.0663024
0.338163
0.362485
0.18933
0.24785
0.306923
0.260954
0.33941
0.289492
0.160012
0.533551
0.735942
0.285188
0.264479
0.684208
0.113805
0.664465
0.540504
0.83289
0.751568
0.702866
0.60463
0.797173
0.615862
0.625479
