0.430626
0.488365
0.44477
0.518368
0.638866
0.590579
0.573852
0.624775
0.626314
0.67206
0.534883
0.390703
0.40278
0.166229
0.360823
0.521029
0.355792
0.239244
0.555302
0.338048
0.450609
0.380266
0.337294
0.271743
0.281656
0.250689
0.249211
0.286568
0.532889
0.670556
0.448847
0.511586
0.324682
0.432604
0.659583
0.781377
0.69144
0.391865
0.543033
0.273217
0.160128
0.325927
0.639688
0.172681
0.638459
0.563407
0.465209
0.455924
0.442041
0.653971
0.705119
0.734013
0.325512
0.337662
0.448769
0.345598
0.619777
0.43093
0.36484
0.237997
0.446711
0.371832
0.346029
0.102552
0.0728861
0.402476
0.280129
0.27115
0.340551
0.37828
0.197663
0.235475
0.29339
0.394118
0.256707
0.573171
0.406765
0.2956
0.335915
0.415261
0.404134
0.362839
0.413654
0.422595
0.332351
0.549952
0.606255
0.609461
0.202271
0.373719
0.237596
0.253837
0.370819
0.368717
0.436328
0.187085
0.244554
0.282328
0.506731
0.572247
0.602655
0.518238
0.378938
0.528609
0.544597
0.516278
0.544897
0.347123
0.470244
0.470233
0.283205
0.354967
0.472379
0.512529
0.380253
0.538973
0.362923
0.373407
0.207651
0.22426
0.427564
0.415344
0.141545
0.264382
0.431822
0.342033
0.565554
0.170289
0.176486
0.433624
0.442043
0.21686
0.327727
0.289061
0.353877
0.48928
0.335055
0.467199
0.495517
0.525343
0.343737
0.324692
0.160466
0.244101
0.30461
0.15164
0.365908
0.569248
0.291637
0.307111
0.346378
0.16329
0.379083
0.412944
0.216682
0.410541
0.64178
0.468178
0.51334
0.515636
0.661671
0.496938
0.646936
0.690767
0.677217
0.606072
0.562123
0.426032
0.246458
0.122333
0.245209
0.187818
0.133257
0.383651
0.490791
0.401362
0.427215
0.761361
0.736434
0.769803
0.723839
0.51798
0.295995
0.186619
0.372279
0.0934093
0.12649
0.116894
0.375135
0.356471
0.0698079
0.0606568
0.268915
0.15489
0.431309
0.427566
0.607713
0.237117
0.532854
0.613894
0.128716
0.754382
0.73247
0.712914
0.701734
0.537836
0.43031
0.442186
0.489643
0.595846
0.492483
0.396605
0.702837
0.552889
0.619429
0.563602
0.62151
0.462233
0.436046
0.344038
0.264434
0.382448
0.356772
0.314918
0.296996
0.166638
0.225519
0.501425
0.238993
0.336691
0.411211
0.1739
0.328998
0.274891
0.156176
0.194274
0.131821
0.132957
0.212286
0.369612
0.433541
0.289597
0.39794
0.120802
0.251417
0.395408
0.582575
0.56647
0.4547
0.458289
0.445462
0.39407
0.516597
0.40931
0.187071
0.180472
0.401562
0.346661
0.568568
0.629845
0.576337
0.707748
0.593035
0.477052
0.291253
0.548499
0.705012
0.617104
0.495663
0.487961
0.454035
0.378646
0.0873286
0.183086
0.348057
0.55267
0.584379
0.546432
0.630804
0.416273
0.346053
0.296942
0.126312
0.467142
0.209406
0.427939
0.434077
0.615078
0.499991
0.435642
0.455245
0.432704
0.052714
0.199038
0.100496
0.313665
0.256682
0.336448
0.206631
0.300767
0.444718
0.500328
0.455941
0.495686
0.1747
0.220797
0.0781367
0.174484
0.205962
0.343039
0.181876
0.297441
0.245536
0.504184
0.494567
0.242826
0.206986
0.160669
0.0800655
0.245404
0.090554
0.208247
0.0980716
0.076286
0.10537
0.033891
0.0407103
0.138553
0.0993768
0.254051
0.291376
0.368334
0.336729
0.388362
0.414073
0.585653
0.634023
0.598602
0.65468
0.683366
0.700266
0.579091
0.479477
0.459424
0.401084
0.368449
0.565602
0.433828
0.586266
0.798134
0.739873
0.775603
0.678756
0.89075
0.835089
0.545766
0.595248
0.610499
0.373006
0.355054
0.33596
0.141648
0.28907
0.485328
0.466882
0.498863
0.493952
0.390202
0.304261
0.0661974
0.110954
0.119898
0.298145
0.221602
0.41561
0.216514
0.507879
0.421742
0.544298
0.393592
0.345722
0.411562
0.54659
0.720243
0.689923
0.673092
0.138178
0.270584
0.34462
0.292503
0.293657
0.475531
0.441021
0.616353
0.547211
0.575565
0.645877
0.682433
0.612794
0.671113
0.43921
0.471085
0.135866
0.190928
0.340798
0.0793959
0.236643
0.249741
0.547203
0.498458
0.190771
0.53715
0.328204
0.503639
0.455868
0.153401
0.197475
0.0771098
0.236448
0.071474
0.0966441
0.0229978
0.0323709
0.118379
0.430242
0.264012
0.401347
0.442844
0.518821
0.531409
0.209055
0.597321
0.374064
0.673744
0.532802
0.754626
0.610788
0.774395
0.793485
0.480627
0.807211
0.326434
0.762178
0.476015
0.632472
0.45634
0.43794
0.559349
0.360992
0.51893
0.249481
0.267577
0.444075
0.49648
0.193904
0.147512
0.267549
0.215745
0.416485
0.127858
0.197968
0.449269
0.431695
0.263995
0.144364
0.414225
0.0879483
0.46581
0.198052
0.0514076
0.362506
0.436854
0.370003
0.101891
0.41473
0.534621
0.202372
0.174788
0.420287
0.395008
0.205894
0.185298
0.116772
0.543285
0.277869
0.304355
0.43441
0.438886
0.435119
0.228118
0.504586
0.497168
0.460836
0.429333
0.405783
0.464025
0.408392
0.461061
0.0820219
0.374106
0.258941
0.17727
0.266306
0.0965344
0.443529
0.410186
0.452905
0.184117
0.479181
0.523947
0.355078
0.500995
0.382077
0.491408
0.492157
0.670035
0.415602
0.673044
0.597315
0.648666
0.618923
0.559428
0.687343
0.704073
0.685591
0.671176
0.513531
0.41549
0.204331
0.0957991
0.267161
0.547898
0.707262
0.691424
0.680818
0.619859
0.500949
0.617616
0.444864
0.52654
0.497464
0.464541
0.446395
0.581278
0.441748
0.413807
0.28743
0.463762
0.356676
0.295304
0.426332
0.54569
0.444534
0.277823
0.465848
0.642307
0.203555
0.209881
0.424015
0.447749
0.534692
0.747523
0.466512
0.328341
0.598248
0.612079
0.284585
0.260084
0.467305
0.350384
0.34875
0.428095
0.460124
0.407916
0.281307
0.545626
0.344544
0.243216
0.488364
0.739278
0.598857
0.498274
0.4685
0.662574
0.608447
0.388812
0.436913
0.587774
0.574975
0.634402
0.750593
0.628952
0.2744
0.246708
0.196382
0.545154
0.509542
0.648034
0.656128
0.340638
0.63439
0.57751
0.395917
0.557253
0.583237
0.504809
0.514933
0.615417
0.352961
0.350226
0.578257
0.706436
0.671807
0.414579
0.52311
0.742477
0.789807
0.631724
0.750784
0.77412
0.839846
0.715579
0.86906
0.812714
0.677312
0.82159
0.557532
0.427989
0.533645
0.651054
0.862849
0.509415
0.763177
0.58159
0.738385
0.830793
0.892043
0.681425
0.551225
0.117538
0.221226
0.279748
0.410444
0.588075
0.597171
0.586864
0.445191
0.543686
0.577234
0.865681
0.84849
0.636145
0.708366
0.788192
0.4241
0.327173
0.296423
0.295981
0.21169
0.0473355
0.0454925
0.270308
0.0591044
0.306342
0.119742
0.049409
0.0990418
0.217028
0.181127
0.0612564
0.187222
0.46099
0.139741
0.18466
0.589701
0.312805
0.247015
0.439867
0.205358
0.1051
0.567576
0.477471
0.354654
0.301705
0.481627
0.472663
0.142419
0.153137
0.439625
0.325937
0.203585
0.423235
0.500959
0.372639
0.310224
0.663931
0.284044
0.565575
0.854453
0.418068
0.856073
0.758591
0.598851
0.584171
0.696643
0.659794
0.915168
0.845247
0.844373
0.51617
0.875485
0.838644
0.237543
0.494795
0.397645
0.255889
0.495867
0.498546
0.372255
0.407576
0.171837
0.374984
0.310629
0.139818
0.504992
0.338476
0.719229
0.778841
0.84753
0.758606
0.663416
0.849971
0.807846
0.567168
0.723888
0.763114
0.876533
0.702509
0.501182
0.145725
0.47571
0.509971
0.707609
0.77975
0.485224
0.916869
0.864478
0.898879
0.902517
0.76689
0.635588
0.849028
0.813471
0.537718
0.503675
0.701917
0.588708
0.427424
0.662116
0.733294
0.74953
0.636248
0.820454
0.742107
0.650184
0.787155
0.759945
0.707155
0.609145
0.786737
0.784854
0.711616
0.451006
0.660712
0.645345
0.837119
0.707677
0.797278
0.724869
0.797924
0.868627
0.45473
0.544547
0.409175
0.456954
0.205496
0.297389
0.579783
0.579802
0.457049
0.392855
0.622297
0.747539
0.841016
0.744654
0.732454
0.653947
0.449126
0.313798
0.520727
0.408035
0.479858
0.362655
0.397549
0.168085
0.342218
0.586305
0.304032
0.107909
0.338719
0.532366
0.0725338
0.0875525
0.304405
0.287185
0.073332
0.124872
0.184048
0.410673
0.565011
0.616229
0.720622
0.596797
0.639012
0.405851
0.457245
0.461697
0.181426
0.113138
0.616776
0.5694
0.822885
0.609114
0.476757
0.411383
0.757005
0.644764
0.609295
0.682316
0.441666
0.40879
0.279252
0.640714
0.595041
0.458907
0.176404
0.275252
0.523105
0.405582
0.271477
0.416905
0.355393
0.13037
0.283353
0.578405
0.625507
0.519758
0.595804
0.647593
0.483841
0.817488
0.599433
0.652102
0.569471
0.428318
0.869915
0.781265
0.259047
0.726219
0.639117
0.876416
0.835632
0.81092
0.641589
0.301699
0.465364
0.701573
0.564296
0.575618
0.581323
0.420319
0.497399
0.563394
0.455392
0.373265
0.314942
0.348045
0.302915
0.133904
0.328232
0.560904
0.648356
0.513344
0.450061
0.772701
0.471267
0.619965
0.59189
0.617715
0.811114
0.656675
0.54041
0.74477
0.392844
0.594929
0.878209
0.536125
0.262997
0.637518
0.775675
0.371987
0.397222
0.443326
0.764409
0.504669
0.184623
0.547529
0.687678
0.573034
0.39515
0.41926
0.658406
0.6525
0.330671
0.252967
0.685019
0.634682
0.414878
0.738669
0.680665
0.562438
0.561508
0.885718
0.778528
0.675908
0.20908
0.739758
0.403568
0.549546
0.417003
0.342837
0.277379
0.596115
0.445291
0.644772
0.533205
0.646354
0.441757
0.587505
0.410925
0.474515
0.562886
0.386112
0.452554
0.338303
0.309486
0.200026
0.539318
0.472364
0.161942
0.44316
0.689388
0.299197
0.208107
0.478143
0.460857
0.205091
0.384223
0.574742
0.457049
0.141195
0.33674
0.383194
0.141526
0.114167
0.187159
0.12051
0.045875
0.0272199
0.109005
0.240572
0.143494
0.213993
0.300608
0.105
0.267002
0.417715
0.130963
0.19126
0.412649
0.523226
0.163507
0.434339
0.609352
0.356317
0.150831
0.317305
0.476689
0.298923
0.219062
0.331323
0.426421
0.270246
0.114469
0.269359
0.448176
0.227229
0.112857
0.373332
0.475023
0.475655
0.420209
0.543966
0.664296
0.721521
0.471251
0.551361
0.618142
0.412116
0.495655
0.452501
0.292927
0.432123
0.45288
0.505718
0.500374
0.760939
0.616588
0.529979
0.400666
0.353048
0.431241
0.426797
0.267152
0.324846
0.613948
0.338488
0.143646
0.497149
0.599436
0.472706
0.638519
0.744705
0.647896
0.606293
0.410836
0.383042
0.497723
0.466797
0.621528
0.601086
0.420686
0.513059
0.611115
0.591877
0.583265
0.609405
0.434275
0.66323
0.622841
0.461854
0.545253
0.697883
0.425495
0.428055
0.408925
0.413903
0.65056
0.358097
0.360721
0.522872
0.427507
0.286935
0.37229
0.413368
0.348068
0.456017
0.364874
0.269304
0.303898
0.549866
0.461306
0.272222
0.48127
0.67138
0.531686
0.440125
0.551238
0.544351
0.50485
0.6789
0.624586
0.490696
0.729929
0.723395
0.504428
0.686126
0.469704
0.651314
0.699407
0.624134
0.764259
0.895402
0.598881
0.652515
0.514648
0.474704
0.375052
0.359103
0.578162
0.192578
0.220377
0.110323
0.258375
0.705975
0.787756
0.545219
0.768376
0.632656
0.533517
0.728928
0.699685
0.654248
0.60477
0.56473
0.492782
0.586356
0.470151
0.42673
0.635984
0.649335
0.609564
0.783084
0.708251
0.69179
0.69204
0.546445
0.646511
0.575542
0.566256
0.645735
0.550375
0.637674
0.421023
0.77304
0.331494
0.54748
0.213896
0.34326
0.149249
0.433479
0.293101
0.328283
0.434547
0.116547
0.407984
0.366095
0.547211
0.253957
0.179374
0.237936
0.505826
0.520767
0.327424
0.57375
0.683867
0.530231
0.227547
0.594229
0.445781
0.4482
0.398486
0.35466
0.321697
0.168559
0.188063
0.326925
0.190001
0.141249
0.229415
0.328034
0.498531
0.495403
0.518546
0.425051
0.556791
0.321985
0.72219
0.810761
0.823821
0.582577
0.499854
0.740991
0.707081
0.89552
0.935621
0.884693
0.902753
0.469522
0.499935
0.229081
0.144103
0.724533
0.0701387
0.650208
0.571669
0.528777
0.616644
0.488298
0.488518
0.621634
0.40905
0.734592
0.573099
0.468246
0.452561
0.655653
0.706173
0.628258
0.118698
0.835218
0.788873
0.487532
0.47532
0.80385
0.780817
0.627923
0.148639
0.747263
0.672603
0.330266
0.560777
0.53269
0.502294
0.646399
0.79245
0.711293
0.705079
0.545246
0.668151
0.619847
0.772116
0.568089
0.757948
0.654268
0.685249
0.666461
0.68767
0.686154
0.847486
0.727972
0.739577
0.576309
0.696638
0.724002
0.649029
0.632528
0.46055
0.264267
0.41953
0.731883
0.555349
0.270159
0.259786
0.451995
0.289164
0.5045
0.256262
0.35985
0.139483
0.131149
0.172346
0.437026
0.529475
0.416235
0.497697
0.553453
0.523865
0.334641
0.441201
0.165884
0.210782
0.658157
0.440491
0.636534
0.441479
0.659292
0.53228
0.72727
0.622984
0.502873
0.522783
0.658143
0.672678
0.698871
0.607421
0.585775
0.539749
0.344067
0.0991666
0.325757
0.351281
0.431254
0.391791
0.410946
0.404352
0.386175
0.601757
0.572715
0.704669
0.766894
0.823785
0.837313
0.544018
0.435892
0.57451
0.59258
0.429559
0.324024
0.600413
0.415626
0.470058
0.569462
0.557074
0.737628
0.558833
0.379754
0.553405
0.627333
0.700803
0.683902
0.601552
0.556938
0.610764
0.436857
0.535479
0.433493
0.568576
0.431285
0.576835
0.601188
0.356544
0.339399
0.499044
0.690578
0.816712
0.780203
0.756948
0.739505
0.882255
0.79954
0.552594
0.682285
0.86595
0.629187
0.601384
0.868918
0.883538
0.671712
0.525302
0.831201
0.774119
0.457836
0.464927
0.308223
0.284564
0.18815
0.384246
0.240318
0.340831
0.618021
0.675627
0.711007
0.519563
0.314678
0.425926
0.435947
0.724321
0.857519
0.869608
0.566353
0.833732
0.657281
0.443924
0.435827
0.492052
0.56908
0.202589
0.177294
0.1911
0.39055
0.0856308
0.078853
0.11828
0.0420845
0.30686
0.119617
0.327462
0.431073
0.23224
0.482192
0.400895
0.556509
0.533503
0.662853
0.853486
0.662076
0.438314
0.687947
0.825218
0.75333
0.681731
0.713281
0.830274
0.921048
0.946209
0.805838
0.547934
0.721025
0.754836
0.413275
0.343496
0.653524
0.831985
0.731535
0.637951
0.428949
0.587456
0.575267
0.564324
0.598698
0.435687
0.538967
0.332675
0.453473
0.478062
0.461154
0.340342
0.577644
0.524248
0.49344
0.487028
0.594704
0.793153
0.795597
0.833083
0.883149
0.495193
0.413232
0.659028
0.672656
0.627375
0.655561
0.663239
0.839875
0.756758
0.54386
0.756287
0.78496
0.792583
0.578485
0.45056
0.438007
0.498943
0.588708
0.78355
0.512558
0.754209
0.854033
0.873893
0.895422
0.811715
0.759283
0.62184
0.781187
0.862651
0.655343
0.54866
0.842827
0.766319
0.466681
0.632065
0.761338
0.540962
0.379538
0.590694
