0.475755
0.363182
0.46379
0.598302
0.315865
0.263079
0.449621
0.668883
0.419844
0.659039
0.515952
0.476152
0.243697
0.143446
0.231364
0.321568
0.268234
0.119764
0.30283
0.238427
0.330357
0.298515
0.260942
0.288731
0.32559
0.31588
0.679843
0.319887
0.51082
0.501121
0.544171
0.479482
0.453736
0.605531
0.430179
0.324343
0.502779
0.332342
0.434692
0.125747
0.324418
0.392866
0.250765
0.454461
0.616565
0.528818
0.490966
0.196665
0.149032
0.545278
0.198325
0.289055
0.616468
0.248823
0.379241
0.311589
0.388471
0.344885
0.263756
0.341227
0.768096
0.312449
0.682789
0.468569
0.609996
0.605864
0.356184
0.364317
0.42905
0.236861
0.518397
0.470602
0.680823
0.488325
0.648282
0.641367
0.584323
0.628131
0.579198
0.421645
0.286565
0.488025
0.228957
0.301414
0.449701
0.591974
0.569368
0.344471
0.43888
0.654773
0.375391
0.254751
0.0922603
0.0458443
0.0429323
0.258946
0.0700468
0.0865379
0.131525
0.457229
0.490911
0.356493
0.746461
0.493854
0.555404
0.365575
0.234622
0.228556
0.152888
0.376769
0.189402
0.330632
0.55884
0.621172
0.226605
0.855909
0.34421
0.604086
0.621456
0.378829
0.370519
0.47899
0.278058
0.587139
0.460456
0.101864
0.309066
0.380953
0.236495
0.348992
0.595945
0.493646
0.152265
0.323635
0.304348
0.480067
0.468441
0.351529
0.250203
0.428789
0.429459
0.500177
0.514178
0.182475
0.377601
0.412655
0.41706
0.417967
0.218
0.401122
0.358085
0.395875
0.220393
0.137387
0.184733
0.325997
0.470585
0.412427
0.236015
0.379525
0.499301
0.50786
0.59473
0.326214
0.191509
0.233624
0.376823
0.372684
0.204413
0.324906
0.631079
0.636353
0.362387
0.470125
0.507622
0.68547
0.75132
0.485616
0.648018
0.346187
0.460396
0.207109
0.534699
0.748233
0.586782
0.349404
0.485824
0.679324
0.410955
0.252338
0.755505
0.59935
0.429862
0.495896
0.151433
0.451888
0.129305
0.0444349
0.395219
0.3237
0.10013
0.112998
0.546006
0.141872
0.0415313
0.24545
