0.248721
0.383592
0.432865
0.463486
0.411511
0.601329
0.692193
0.332441
0.412232
0.397434
0.348507
0.46442
0.502659
0.318182
0.361622
0.157696
0.342145
0.603798
0.437469
0.272614
0.587882
0.242028
0.483855
0.158306
0.107328
0.0770056
0.0613525
0.231736
0.273261
0.442037
0.349506
0.0970572
0.36545
0.372942
0.557675
0.430575
0.189431
0.553199
0.629479
0.286268
0.676352
0.731839
0.302664
0.692799
0.653562
0.494764
0.54274
0.644554
0.682617
0.466914
0.550087
0.47585
0.462925
0.506421
0.435795
0.297583
0.397042
0.330049
0.166518
0.170953
0.272472
0.160084
0.0662286
0.0941907
0.0778439
0.70068
0.284927
0.44377
0.210647
0.208373
0.5907
0.531246
0.256564
0.403541
0.576803
0.500154
0.348308
0.363824
0.477343
0.420873
0.171348
0.516172
0.408448
0.201421
0.400744
0.338063
0.317273
0.289254
0.3735
0.328924
0.497909
0.556193
0.574025
0.503296
0.430065
0.326405
0.331536
0.33183
0.329085
0.243188
0.388111
0.488449
0.337898
0.214883
0.650914
0.369074
0.239685
0.686039
0.799088
0.758472
0.369757
0.706166
0.660218
0.470682
0.32751
0.559281
0.542822
0.197876
0.309818
0.363017
0.154041
0.100856
0.250768
0.134338
0.364484
0.209096
0.523485
0.435013
0.572132
0.59382
0.24975
0.433992
0.448444
0.651139
0.613527
0.605332
0.618824
0.52243
0.354851
0.411458
0.273903
0.326262
0.196819
0.423835
0.324884
0.270726
0.078833
0.412209
0.193126
0.0850009
0.123236
0.353455
0.0460931
0.127169
0.159411
0.452398
0.286728
0.103685
0.136683
0.345664
0.297426
0.379018
0.523546
0.304729
0.460214
0.26977
0.350972
0.434365
0.104746
0.153447
0.230702
0.276615
0.140611
0.276798
0.493668
0.427584
0.549333
0.706202
0.577517
0.476188
0.675786
0.784239
0.779063
0.51132
0.601349
0.725965
0.442591
0.517765
0.517858
0.508283
0.418159
0.153931
0.509133
0.504206
0.744286
0.538207
0.319248
0.242533
0.507474
0.593644
0.474218
0.489296
0.300833
0.583919
0.358862
0.319339
0.388626
0.641297
0.547717
0.176474
0.431143
0.649684
0.556106
0.193754
0.330514
0.13942
0.180033
0.546186
0.44168
0.0539398
0.217067
0.718113
0.433398
0.195625
0.669929
0.656618
0.37007
0.511639
0.323018
0.336184
0.577863
0.462668
0.198847
0.157538
0.171588
0.170275
0.106671
0.459183
0.429066
0.188418
0.438566
0.538784
0.447246
0.234274
0.0842361
0.0333116
0.186294
0.229294
0.0425994
0.0670094
0.176963
0.238687
0.0299629
0.0817228
0.0563045
0.285235
0.368019
0.344873
0.352465
0.462584
0.38642
0.401026
0.150747
0.238116
0.108823
0.178476
0.0656539
0.0881225
0.118655
0.448244
0.443239
0.485201
0.611309
0.468055
0.31016
0.357705
0.0820189
0.128222
0.06301
0.248973
0.228518
0.19058
0.34845
0.290137
0.317728
0.387145
0.421372
0.354358
0.172219
0.510539
0.496164
0.377636
0.278687
0.0928232
0.147554
0.684219
0.411295
0.298616
0.284535
0.709434
0.498562
0.513876
0.653283
0.786915
0.618245
0.477721
0.678352
0.648578
0.389642
0.294213
0.25586
0.442873
0.311282
0.175109
0.272061
0.22682
0.177538
0.0619594
0.0878993
0.274907
0.209197
0.436781
0.277203
0.410743
0.304721
0.429728
0.574617
0.428298
0.123553
0.029158
0.0281422
0.257027
0.252603
0.299607
0.0971486
0.382288
0.615813
0.580211
0.69751
0.44163
0.72275
0.617588
0.889095
0.245225
0.454234
0.774515
0.676084
0.509427
0.470178
0.618147
0.73086
0.0584158
0.501954
0.329075
0.287545
0.319588
0.222669
0.55042
0.687603
0.635063
0.566085
0.70386
0.741905
0.498135
0.53314
0.760635
0.567746
0.699122
0.744633
0.439031
0.417304
0.710079
0.598516
0.316238
0.259995
0.355248
0.296463
0.135865
0.358241
0.333644
0.135756
0.24954
0.0940141
0.276521
0.282148
0.426256
0.473227
0.336126
0.641497
0.693706
0.617775
0.638048
0.782159
0.693698
0.79057
0.617004
0.417384
0.45393
0.188045
0.490178
0.492336
0.322926
0.823093
0.779635
0.655073
0.708934
0.685331
0.57897
0.589556
0.652357
0.357673
0.534646
0.220109
0.20305
0.165956
0.0854384
0.0915059
0.208097
0.104891
0.407681
0.629014
0.640944
0.744401
0.317024
0.275109
0.523371
0.544989
0.654693
0.580829
0.465017
0.216639
0.35689
0.552445
0.43139
0.291396
0.54228
0.388346
0.279744
0.414553
0.422148
0.66329
0.628386
0.601617
0.335226
0.447427
0.353856
0.215339
0.521671
0.203606
0.0656304
0.119868
0.0322808
0.0901086
0.248154
0.0226288
0.22871
0.473958
0.37827
0.475356
0.514824
0.221063
0.421295
0.487998
0.403755
0.592317
0.45495
0.225518
0.657648
0.477108
0.424893
0.467512
0.358573
0.718853
0.806767
0.612238
0.469675
0.447496
0.271029
0.248576
0.230432
0.143478
0.0733561
0.0659651
0.0753897
0.180024
0.385322
0.28929
0.44236
0.593569
0.485858
0.101655
0.5335
0.606937
0.198974
0.192298
0.757743
0.675551
0.772094
0.321936
0.503766
0.202792
0.120697
0.314554
0.104028
0.079265
0.304503
0.225125
0.218335
0.177554
