0.452049
0.219827
0.427834
0.204393
0.266471
0.445981
0.587072
0.401022
0.463781
0.57256
0.518838
0.344439
0.458223
0.505146
0.434301
0.498213
0.43761
0.6516
0.477394
0.653343
0.60694
0.520375
0.628093
0.555798
0.65317
0.532862
0.686159
0.472741
0.61856
0.663226
0.685624
0.757394
0.385214
0.451516
0.0815401
0.245434
0.606797
0.224627
0.107682
0.499981
0.541958
0.194752
0.226691
0.461508
0.145909
0.0768692
0.41237
0.108538
0.0964466
0.22312
0.358373
0.200474
0.394419
0.654078
0.496681
0.544046
0.404009
0.460736
0.581342
0.502479
0.400463
0.218443
0.437347
0.476399
0.450256
0.628899
0.663475
0.464822
0.667596
0.606603
0.348371
0.362242
0.75373
0.218741
0.278296
0.265317
0.351724
0.693473
0.509142
0.601392
0.726579
0.899018
0.843339
0.812577
0.862517
0.615328
0.758584
0.414818
0.613747
0.387743
0.418189
0.155608
0.242178
0.545599
0.330342
0.173923
0.66621
0.506415
0.185891
0.436993
0.567144
0.343056
0.0760599
0.192288
0.192144
0.162136
0.178606
0.109551
0.42475
0.372536
0.548056
0.778724
0.564784
0.853556
0.807618
0.79145
0.831361
0.670791
0.670476
0.848231
0.85522
0.675063
0.674134
0.499031
0.341746
0.489999
0.333793
0.118456
0.135108
0.483406
0.522869
0.364429
0.433237
0.429959
0.466223
0.860721
0.847122
0.767428
0.57874
0.74508
0.481569
0.203838
0.577207
0.555675
0.111797
0.419317
0.155621
0.316697
0.0385965
0.388502
0.579526
0.441121
0.394199
0.613753
0.27211
0.562968
0.36626
0.476377
0.352472
0.144434
0.0658341
0.0554106
0.0339819
0.0400998
0.201462
0.281958
0.122794
0.0723523
0.349857
0.0581053
0.178139
0.451748
0.155968
0.590126
0.941776
0.647922
0.812016
0.445536
0.68495
0.487072
0.679855
0.676257
0.233402
0.164959
0.480709
0.385604
0.128494
0.500972
0.39989
0.0996669
0.354666
0.672634
0.1924
0.114545
0.372589
0.0505242
0.626798
0.454477
0.509834
0.625727
0.472469
0.634919
0.471575
0.688709
0.341571
0.322737
0.23263
0.630032
0.401791
0.238593
0.373363
0.640132
0.290291
0.41533
0.45505
0.338342
0.495666
0.446462
0.174379
0.398694
0.512235
0.609526
0.442139
0.243818
0.583161
0.524907
0.752041
0.624016
0.922018
0.902519
0.899135
0.824201
0.690497
0.601787
0.294484
0.153561
0.602181
0.691508
0.608504
0.523001
0.512879
0.864266
0.83681
0.516084
0.616433
0.76496
0.625204
0.196583
0.392494
0.330091
0.0784099
0.164972
0.0692493
0.33002
0.422846
0.831711
0.86951
0.641595
0.767087
0.860522
0.741732
0.70708
0.207
0.270369
0.308674
0.483331
0.208114
0.0666778
0.279706
0.442091
0.0836186
0.507605
0.445703
0.172798
0.39999
0.584574
0.358581
0.14677
0.38894
0.695199
0.462154
0.314297
0.729675
0.34714
0.653813
0.694154
0.7579
0.616092
0.612586
0.517649
0.830572
0.504667
0.879938
0.413733
0.331437
0.305802
0.669718
0.303595
0.287051
0.435415
0.545062
0.183685
0.561633
0.426495
0.626645
0.415039
0.276511
0.654248
0.713697
0.725645
0.582914
0.621423
0.672401
0.685429
0.663434
0.521686
0.649475
0.676507
0.482644
0.5649
0.36329
