0.25707
0.339916
0.304067
0.519505
0.324856
0.542981
0.492249
0.469561
0.60883
0.726308
0.529976
0.49242
0.545546
0.375488
0.35406
0.44728
0.493443
0.681302
0.594158
0.699626
0.392148
0.652527
0.440864
0.522997
0.844586
0.504282
0.625872
0.52461
0.179882
0.620937
0.611291
0.358748
0.687784
0.485943
0.194836
0.55311
0.603691
0.767088
0.456206
0.782253
0.621632
0.409989
0.653839
0.373504
0.284197
0.556434
0.701225
0.344037
0.538525
0.380994
0.233943
0.337533
0.096699
0.295919
0.283928
0.498052
0.199775
0.227776
0.369579
0.520577
0.327046
0.765384
0.490441
0.638856
0.472847
0.265512
0.183186
0.410975
0.469947
0.669146
0.679729
0.768186
0.32174
0.719385
0.319137
0.454697
0.528526
0.112072
0.630654
0.276545
0.504765
0.38849
0.555676
0.550183
0.29566
0.572169
0.482371
0.399916
0.517098
0.414199
0.101128
0.24059
0.278836
0.32982
0.191317
0.177765
0.31649
0.0864563
0.326746
0.150931
0.511159
0.765522
0.538059
0.831095
0.540091
0.624474
0.448424
0.66523
0.828331
0.457698
0.630159
0.790467
0.777021
0.803812
0.59743
0.647818
0.209388
0.142916
0.290575
0.118459
0.151317
0.358943
0.37112
0.695492
0.767632
0.595917
0.791146
0.646444
0.230368
0.568615
0.375698
0.673857
0.534055
0.542811
0.735086
0.143182
0.366994
0.215282
0.255046
0.786554
0.325679
0.710861
0.849524
0.884651
0.845424
0.837319
0.821983
0.792385
0.278622
0.461879
0.322499
0.516997
0.340585
0.458989
0.489788
0.389383
0.578323
0.234863
0.327223
0.677746
0.788014
0.868778
0.901403
0.796213
0.517926
0.375027
0.141145
0.220568
0.391903
0.764334
0.203302
0.434591
0.342766
0.673836
0.476126
0.377866
0.405238
0.839698
0.671672
0.145337
