0.571968
0.761407
0.723781
0.615911
0.820513
0.657545
0.627108
0.858779
0.802971
0.751459
0.71165
0.67543
0.84321
0.65162
0.564595
0.811472
0.669858
0.518476
0.457363
0.657713
0.742355
0.42262
0.623594
0.694003
0.533843
0.458508
0.497718
0.619727
0.381844
0.399134
0.449609
0.143963
0.222369
0.16913
0.479916
0.401274
0.446658
0.608945
0.643877
0.807858
0.563431
0.646164
0.685979
0.623351
0.480966
0.444051
0.215459
0.204769
0.457121
0.325964
0.266502
0.530558
0.32992
0.532947
0.570809
0.524666
0.424847
0.440421
0.532783
0.586533
0.456409
0.590095
0.525982
0.540481
0.430198
0.243921
0.35005
0.496115
0.475573
0.360197
0.0724578
0.149574
0.338993
0.0767953
0.3668
0.508867
0.16846
0.238024
0.513961
0.563743
0.294182
0.45837
0.453561
0.427277
0.185405
0.441688
0.517654
0.389428
0.195274
0.445177
0.522384
0.384775
0.342162
0.147705
0.152046
0.173296
0.37553
0.44196
0.213145
0.419004
0.444399
0.472967
0.508506
0.462635
0.439815
0.713159
0.799891
0.836341
0.42135
0.396688
0.697929
0.653893
0.2832
0.427667
0.513517
0.372986
0.36945
0.60054
0.419206
0.240575
0.328429
0.250496
0.332354
0.396255
0.400217
0.392581
0.21273
0.734942
0.371206
0.927353
0.824255
0.57324
0.822513
0.846657
0.962668
0.913024
0.834433
0.769411
0.418548
0.793903
0.674706
0.796565
0.635006
0.275702
0.309707
0.427699
0.457426
0.743278
0.736633
0.57383
0.517522
0.202037
0.284011
0.442612
0.328544
0.29105
0.254327
0.403248
0.503228
0.360699
0.612408
0.709966
0.288037
0.652224
0.326183
0.226431
0.664895
0.780276
0.641063
0.274904
0.531542
0.106311
0.221616
0.266277
0.165274
0.0713363
0.324133
0.219607
0.119905
0.053521
0.231413
0.244298
0.352706
0.504307
0.516362
0.18926
0.623542
0.616233
0.822529
0.950057
0.952483
0.877578
0.845153
0.489803
0.845021
0.869462
0.822157
0.759095
0.678689
0.36049
0.373163
0.357151
0.443895
0.281996
0.087495
0.0935699
0.72811
0.361376
0.203558
0.480713
0.207673
0.504797
0.378517
0.400073
0.670233
0.663978
0.808155
0.899599
0.907894
0.816158
0.466519
0.355256
0.711065
0.608664
0.411783
0.378009
0.458369
0.464694
0.851956
0.790692
0.610381
0.637391
0.601944
0.509108
0.559334
0.131914
0.319006
0.495838
0.502004
0.62732
0.772783
0.869257
0.553638
0.75029
0.61608
0.606778
0.681399
0.292364
0.618167
0.787369
0.653332
0.530118
0.493165
0.628168
0.530715
0.443084
0.568491
0.46534
0.383642
0.437679
0.879132
0.85428
0.79997
0.911571
0.809954
0.491765
0.804666
0.603158
0.508156
0.286624
0.68515
0.565878
0.784973
0.290887
0.597505
0.26231
0.198597
0.323804
0.386519
0.358938
0.354091
0.197154
0.42052
0.579363
0.41459
0.1296
0.436056
0.433645
0.439588
0.523659
0.434527
0.383017
0.458323
0.300403
0.393123
0.400668
0.382689
0.188002
0.352299
0.362375
0.329845
0.329733
0.395089
0.270223
0.340495
0.413875
0.310089
0.105207
0.102255
0.11024
0.447796
0.337971
0.205127
0.458692
0.595051
0.508189
0.189673
0.622519
0.705714
0.329444
0.115782
0.0909069
0.121438
0.080745
0.229841
0.0486203
0.0523204
0.0735564
0.295631
0.0943239
0.0386452
0.171162
0.0833593
0.592841
0.257251
0.306256
0.424142
0.514599
0.182227
0.22388
0.722986
0.754254
0.822239
0.608887
0.469937
0.277015
0.552111
0.521413
0.298563
0.60769
0.652687
0.339182
0.542251
0.556009
0.779475
0.859147
0.505828
0.864147
0.810075
0.440552
0.380955
0.567882
0.387048
0.323177
0.174856
0.440109
0.200512
0.270005
0.418411
0.387384
0.562577
0.753442
0.848045
0.87778
0.876751
0.699928
0.651578
0.651807
0.703001
0.839137
0.617262
0.74467
0.861246
0.891489
0.846521
0.357556
0.0726956
0.578246
0.909849
0.45533
0.220152
0.285175
0.638531
0.426686
0.285419
0.307182
0.496757
0.427193
0.288489
0.398455
0.262294
0.135274
0.140537
0.218407
0.470278
0.045738
0.217751
0.486266
0.110856
0.15658
0.408905
0.5138
0.361435
0.373653
0.318515
0.557415
0.330661
0.333383
0.374791
0.451225
0.0940147
0.204977
0.553677
0.276766
0.0992799
0.301567
0.31363
0.796318
0.792296
0.87614
0.624219
0.159878
0.687905
0.641577
0.421793
0.309787
0.6408
0.463729
0.177295
0.336148
0.109066
0.133469
0.452607
0.114425
0.0650217
0.189198
0.201485
0.072221
0.0656177
0.394025
0.239371
0.172994
0.272582
0.314599
0.290697
0.140263
0.366966
0.17251
0.521131
0.401731
0.480499
0.544732
0.349846
0.279968
0.157776
0.233718
0.514614
0.547234
0.487909
0.351719
0.268983
