0.357736
0.64894
0.871589
0.641151
0.428871
0.717348
0.66467
0.566254
0.605381
0.79928
0.585264
0.499491
0.526325
0.304612
0.117912
0.706043
0.294133
0.756097
0.65924
0.789532
0.601462
0.510473
0.438112
0.6884
0.471198
0.690419
0.418723
0.17654
0.454419
0.758341
0.233562
0.112963
0.633851
0.378586
0.0355278
0.111944
0.368552
0.550504
0.577573
0.491468
0.449299
0.4074
0.728621
0.535644
0.779337
0.872092
0.423386
0.526787
0.243346
0.136252
0.41823
0.186793
0.410028
0.439434
0.442359
0.722505
0.66294
0.720558
0.834999
0.671672
0.481168
0.795494
0.628604
0.605091
0.34451
0.458798
0.735741
0.68092
0.305023
0.37114
0.478404
0.419259
0.495003
0.72414
0.615385
0.695394
0.548865
0.77681
0.725504
0.53985
0.511988
0.755634
0.460611
0.704782
0.488831
0.513499
0.457204
0.555815
0.368293
0.304468
0.617216
0.470117
0.143205
0.582643
0.277582
0.686178
0.638975
0.712641
0.428244
0.169774
0.27331
0.450312
0.436333
0.238486
0.368424
0.585768
0.0858261
0.283672
0.439339
0.464162
0.340628
0.711345
0.757841
0.896779
0.706763
0.614506
0.885508
0.853864
0.686361
0.7089
0.732095
0.58567
0.593311
0.593365
0.53581
0.370306
0.469588
0.414742
0.295123
0.197641
0.174371
0.527676
0.376936
0.415375
0.665526
0.688036
0.584757
0.727912
0.622014
0.533044
0.515394
0.638956
0.566978
0.656586
0.734801
0.460875
0.401791
0.43589
0.385976
0.238278
0.587448
0.761533
0.392483
0.313959
0.5811
0.644663
0.217981
0.422141
0.331939
0.28547
0.724103
0.541324
0.857322
0.759543
0.884492
0.869581
0.886766
0.834407
0.898485
0.927274
0.777873
0.110528
0.907568
0.912824
0.689963
0.723536
0.835699
0.916091
0.318827
0.724206
0.930614
0.631405
0.409379
0.615398
0.86887
0.423283
0.61134
0.268189
0.247352
0.501479
0.278303
0.577228
0.129015
0.350249
0.189223
0.468619
0.710656
0.821199
0.892194
0.795909
0.717998
0.475831
0.764881
0.881006
0.734706
0.244217
0.681914
0.936609
0.256426
0.235542
0.823565
0.44227
0.942105
0.894154
0.401887
0.237917
0.335127
0.235122
0.112998
0.184364
0.317682
0.516388
0.443939
0.205071
0.689317
0.479318
0.970448
0.911343
0.353356
0.44423
0.227945
0.621221
0.414175
0.902262
0.959219
0.636973
0.884153
0.479471
0.618734
0.706288
0.543761
0.423093
0.422531
0.578223
0.494476
0.547947
0.301041
0.343358
0.543091
0.420921
0.468468
0.34349
0.392286
0.197797
0.569432
0.0902821
0.434809
0.445181
0.385023
0.519756
0.388716
0.533335
0.834235
0.763623
0.640902
0.939682
0.670155
0.951538
0.661516
0.832139
0.435263
0.44512
0.526531
0.609001
0.825022
0.955162
0.86309
0.890349
0.556791
0.705001
0.469423
0.678444
0.428416
0.370677
0.803254
0.540951
0.351635
0.503972
0.720205
0.580821
0.256753
0.373204
0.652911
0.343339
0.456369
0.561308
0.322619
0.551343
0.340146
0.672125
0.337961
0.426041
0.61511
0.206204
0.421169
0.881694
0.894294
0.94748
0.973648
0.963851
0.967519
0.885209
0.929154
0.801885
0.801756
0.925946
0.874621
0.668243
0.551881
0.909807
0.688782
0.281104
0.364818
0.667925
0.230143
0.255314
0.549501
0.569461
0.168094
0.164632
0.30732
0.435374
0.32906
0.192054
0.305598
0.252467
0.832201
0.660374
0.93732
0.751181
0.930423
0.860904
0.680391
0.845116
0.650625
0.9059
0.816711
0.91657
0.722582
0.394616
0.585375
0.576355
0.429852
0.665579
0.667932
0.559771
0.748208
0.818217
0.193295
0.491718
0.745208
0.312555
0.355993
0.591989
0.446166
0.17524
0.223332
0.139975
0.735808
0.224484
0.728251
0.435575
0.414177
0.486
0.210556
0.204586
0.515588
0.33853
0.393068
0.233432
0.746448
0.266673
0.463263
0.179579
0.831872
0.140039
0.117434
0.253512
0.0468324
0.0548326
0.136545
0.0711538
0.200075
0.105593
0.14862
0.153698
0.58326
0.0446489
0.846457
0.897164
0.937357
0.96649
0.975886
0.944435
0.965348
0.739756
0.67441
0.938457
0.903491
0.836702
0.884194
0.90106
0.757028
0.751323
0.630339
0.330511
0.551165
0.0983277
0.148637
