0.535435
0.73799
0.58758
0.484982
0.639537
0.443268
0.543107
0.376673
0.389153
0.658512
0.607156
0.56359
0.646044
0.449284
0.716862
0.486195
0.398758
0.606421
0.24153
0.554314
0.443165
0.241245
0.23325
0.510643
0.461999
0.808633
0.643574
0.736313
0.802633
0.901412
0.856037
0.777342
0.854195
0.645643
0.700983
0.419589
0.504366
0.427481
0.265914
0.520367
0.573804
0.157959
0.753945
0.551165
0.676742
0.735502
0.379352
0.86713
0.628491
0.810875
0.760804
0.638758
0.310902
0.382375
0.213089
0.167164
0.254183
0.342116
0.254726
0.142321
0.498835
0.566962
0.364841
0.474628
0.788489
0.645472
0.449002
0.697805
0.796663
0.473588
0.667395
0.680766
0.569295
0.730844
0.630038
0.400312
0.134236
0.251203
0.698897
0.347679
0.663785
0.779311
0.581242
0.410185
0.704546
0.499968
0.529972
0.447563
0.636441
0.435477
0.432626
0.337299
0.368569
0.486716
0.442211
0.381603
0.429267
0.460382
0.411119
0.340261
0.550528
0.623345
0.72469
0.647697
0.545323
0.527318
0.522993
0.598522
0.65415
0.311499
0.466182
0.587584
0.493286
0.214715
0.323551
0.392106
0.495908
0.44313
0.526682
0.343772
0.390095
0.596144
0.444344
0.372939
0.546147
0.708539
0.466562
0.336793
0.576509
0.614805
0.345893
0.0211586
0.461605
0.431609
0.411755
0.601356
0.533635
0.349085
0.440098
0.414674
0.843789
0.808915
0.786424
0.888416
0.82913
0.673236
0.820254
0.51663
0.701709
0.672864
0.311233
0.43503
0.335921
0.450604
0.358165
0.150825
0.244242
0.276411
0.331123
0.545798
0.442502
0.815084
0.868643
0.872992
0.872008
0.905433
0.931757
0.736648
0.727172
0.485167
0.745207
0.788216
0.568018
0.380406
0.541458
0.547857
0.629384
0.794581
0.807467
0.709399
0.636981
0.766904
0.381802
0.613251
0.464745
0.537574
0.705224
0.699369
0.446418
0.618817
0.427016
0.406157
0.694861
0.655097
0.664315
0.440618
0.463691
0.283533
0.528326
0.575619
0.150349
0.614573
0.328297
0.420789
0.365683
0.503368
0.60006
0.278362
0.410947
0.637092
0.586372
0.265588
0.730639
0.71059
0.839011
0.708911
0.656256
0.300319
0.285521
0.467942
0.555565
0.724087
0.260581
0.36977
0.742914
0.67161
0.675373
0.689165
0.729357
0.685828
0.746398
0.657731
0.52335
0.764093
0.788869
0.645569
0.519397
0.466156
0.681537
0.590883
0.325815
0.527605
0.463872
0.195536
0.241453
0.107408
0.315295
0.576097
0.465076
0.165343
0.738628
0.79966
0.51447
0.402807
0.769425
0.490565
0.584174
0.677785
0.594683
0.756058
0.752063
0.593798
0.765957
0.362615
0.455869
0.766716
0.762756
0.64595
0.219513
0.445528
0.380573
0.236629
0.338724
0.504223
0.487495
0.276852
0.602684
0.650398
0.386352
0.562592
0.45614
0.579314
0.524637
0.663157
0.512614
0.583226
0.356014
0.612161
0.594671
0.586232
0.590428
0.540209
0.544826
0.541436
0.513717
0.485799
0.379618
0.51061
0.216731
0.401572
0.385482
0.109528
0.155936
0.452596
0.343853
0.156354
0.414679
0.163389
0.228837
0.401742
0.388251
0.377592
0.560472
0.348638
0.387905
0.756833
0.532721
0.709566
0.42328
0.599531
0.657531
0.244015
0.526198
0.220327
0.552192
0.226703
0.21907
0.167433
0.330973
0.572047
0.33183
0.197038
0.44423
0.392268
0.495342
0.27364
0.408019
0.443025
0.53009
0.303121
0.618796
0.40983
0.61583
0.62433
0.491363
