0.321581
0.188875
0.404806
0.63451
0.320119
0.256461
0.74154
0.732055
0.385181
0.493018
0.770819
0.37161
0.367445
0.622004
0.477806
0.117242
0.210591
0.489271
0.338671
0.524688
0.227661
0.123768
0.211494
0.265803
0.104618
0.172119
0.349918
0.373328
0.0903072
0.182835
0.175337
0.131436
0.210055
0.232473
0.222065
0.377176
0.102955
0.575028
0.348622
0.762657
0.894295
0.696317
0.625595
0.77159
0.713481
0.609583
0.656944
0.570065
0.814893
0.654198
0.659833
0.819673
0.76337
0.3815
0.566188
0.212887
0.434242
0.35596
0.657331
0.786162
0.30561
0.427119
0.515115
0.209182
0.346602
0.563341
0.301681
0.66146
0.391097
0.66175
0.738615
0.696718
0.44255
0.692372
0.903314
0.607949
0.784679
0.44989
0.454559
0.749957
0.660139
0.456569
0.525493
0.712417
0.536535
0.425428
0.77944
0.741466
0.488924
0.698082
0.713778
0.665295
0.664312
0.799108
0.729378
0.675014
0.52438
0.504698
0.728764
0.678637
0.598011
0.585668
0.406077
0.672245
0.439364
0.343412
0.54135
0.482971
0.421077
0.618182
0.601726
0.271125
0.165524
0.519289
0.0575915
0.438985
0.376638
0.452271
0.579561
0.402264
0.751445
0.536623
0.887908
0.885234
0.813784
0.601459
0.514799
0.684954
0.349552
0.689332
0.743305
0.434594
0.534461
0.409414
0.593987
0.489448
0.423881
0.193943
0.492599
0.658392
0.717401
0.790077
0.897261
0.682927
0.781193
0.644209
0.653279
0.646568
0.567473
0.7804
0.423398
0.793965
0.520822
0.768754
0.18276
0.123749
0.798448
0.357306
0.590262
0.626005
0.671004
0.617604
0.51892
0.509414
0.393177
0.584793
0.351879
0.382933
0.494618
0.495919
0.140517
0.458488
0.356219
0.746257
0.610307
0.675271
0.299031
0.419857
0.0848687
0.0619439
0.33214
0.346431
0.848915
0.569164
0.842556
0.353401
0.577879
0.855917
0.873593
0.943263
0.90758
0.510335
0.772231
0.688657
0.902977
0.796773
0.60728
0.581831
0.827385
0.735723
0.226677
0.465462
0.657654
0.406227
0.160298
0.292941
0.585855
0.345878
0.248114
0.208413
0.141355
0.197808
0.272926
0.372061
0.298105
0.386122
0.552268
0.886925
0.850798
0.785515
0.822366
0.726448
0.568343
0.780026
0.7004
0.70822
0.617566
0.635562
0.570487
0.639466
0.414383
0.364813
0.308814
0.627261
0.459802
0.274577
0.521723
0.355705
0.221035
0.477545
0.598987
0.769123
0.640948
0.753173
0.822365
0.854049
0.716294
0.790268
0.62217
0.451814
0.392257
0.235831
0.60283
0.695799
0.446702
0.458094
0.767164
0.61792
0.54968
0.465495
0.592743
0.785498
0.804624
0.616263
0.638463
0.559137
0.325861
0.271346
0.563715
0.449473
0.625192
0.628365
0.411968
0.417013
0.567003
0.449335
0.593236
0.325903
0.488258
0.439489
0.482364
0.264398
0.337879
0.540741
0.34751
0.251793
0.456677
0.416099
0.119595
0.261015
0.491807
0.138848
0.526373
0.333697
0.126591
0.204365
0.412751
0.252415
0.0485426
0.247644
0.396796
0.221199
0.180869
0.327818
0.471502
0.170915
0.224877
0.561157
0.16989
0.0955723
0.170532
0.207753
